100 x 100

<1>
 53  58   8  91 -65  61   4  63 -63 -13 -43  62 -25  46 -36 -42  72 -79 -57 -58   6 -91 -67  82  -6  -4 -78 -15  53 -81   5   6  77 -87  -2 -89  73 -99  71 -89 -13 -71  71  59  72 -64 -84  45 -46 -42  84  59 -36 -82  43  57  11  62 -58 -37  80  46  68  56  58 -35  66  30 -35  38  41  50  64  11  10  37  44  24 -17  97  79 -32  58 -55 -17   2 -99  91 -35 -60 -44 -56  84 -75 -98  41 -10  65 -27  52 
  3 -85   3 -32  23 -87 -93 -32  36 -13 -34  16  53 -75  58 -65  24  57 -72  88  96 -17 -66  81   5 -67  24  92  97  94  46  -1 -92 -52  67  30 -40  71  97  93 -43 -36  11 -91 -13 -32 -56 -88 -76 -29 -98 -78  51 -67 -98 -45 -37  23 -53 -39  18  92  60  25 -61  26 -46  -1  -4 -48  -7  52  14 -97  61 -98 -31 -94 -87  -8 -26 -88  11 -76 -58  11 -24   4 -65  22  63  51  13  22 -25  52 -51  29 -48  42 
 80  42  -5  -7  45 -43  -6 -87 -40   7   4  31  16 -85  52  58  25 -70 -37  59  51 -75   9 -34  46  84 -81  92  12 -32  35  -9 -89 -68  84  53 -14 -21  65  44  83 -31 -26  -1 -17 -72 -42 -91 -45  18  65 -93  43 -26 -30 -10 -41 -14 -16  70  51 -82 -40  60 -51 -55  12  33  22 -21 -22   4  45  51 -96 -71  76 -39 -65 -68  77  97 -63  21 -28   4 -90  28  90  -9  -3  40   9  57   1  55 -97 -85 -11  22 
 -9  64 -72 -63  15 -71 -37  -8 -12  -5  24 -34  -7  58  86  65 -37  93  -6 -48 -14  91  92  94  47  -6  50  49   6 -61 -29  96 -96  -2 -68  18  24  -6 -88 -87  86  33 -22 -19  -8 -37 -55  54 -42  36 -92  41  26  97  36 -26  -8 -15 -77  98  23  -7  93  27  88 -73 -56  13  18 -47  26   6  85 -97  84 -24 -36 -70 -70  21  63 -65 -37  -9 -67  96  62  22 -18  84  19 -95 -24  14  29 -35  40  72  76 -43 
-73   1  62 -89   3  47 -13  66  74  16 -14  37  50  46 -73  80  43  88   3 -75  72 -76 -71 -51  35  57  12 -24  30 -13  30  54  87  -6  65 -11 -60 -49 -45 -86  64  38  48  15 -14  74  -6 -72  61  96 -48  34 -81 -20  81  53 -64  -8 -72  64  78  58  19  64 -47 -17 -48 -10  33   6   1  -2 -54 -50 -88  29 -75   3  56  84   1 -90  19  19 -13  -1 -28  23  90  -1 -12  67 -42 -92  30   8 -11  82  98 -79 
-11   0  17  32  48  26 -38  72 -69 -80  55  31 -71 -24 -51  13  72  20 -63  62 -81  24  28 -24  30 -40  84 -80 -57  81 -62  31 -20  54 -37 -71 -18  24 -99  12  43  55 -58  69 -70 -12 -16 -98 -92  20  63 -74 -56  -8  -1  73  51 -18  90  93 -38 -71  24  42  83  86  68 -36   9  66  73 -46  21 -84 -78  50   1   3  49   8 -75  13  31 -34 -95 -68 -62  53  11 -71  46  73 -45 -31  14 -63 -44 -17   0  64 
-51 -26 -83  69 -13 -63  18  88  39 -31  -5  61  79 -72 -72  83 -43 -35  36  67  -9 -17  39  44  51 -46  80 -94  37 -20  67  83  51  84  53 -62 -78 -28 -73  58  38  19  21  19  44  48   1 -98 -85 -64  67   3  18   7 -52 -32  61 -72 -27  -3   7 -58 -19 -43 -75 -67  -6 -56   2  18 -97 -58 -63  23  58  80 -29 -42  82 -17  -6  48  85 -87 -44 -67 -21 -84 -40  51  10  64  90  90 -78 -86 -78  14 -43  24 
-69 -42  65 -33  78  24 -51 -50  81 -70  32 -26  77  19 -13 -68  51  63 -52 -90  15  57  73   5  47  92  18  68   5  73  -7  36 -68 -43 -96 -91  80 -50 -41  61 -21  90 -66 -43   8  18 -11 -40 -18  34 -33  97 -10 -59   1 -62 -67 -80 -94  37  90  -2 -26 -79  55 -24 -70  34  25 -12  -6 -94 -21  28 -40  85 -53  46 -54  29 -19  11  25  71  51 -73 -92  81 -56 -87  20 -64   9  93 -44 -35 -30 -15  96  95 
 70  -8  98 -51 -81 -41 -65 -37 -93 -22  89 -15  88  15 -45  39  39 -37  21  81 -27 -58 -82  81 -65 -29 -55   2  54 -57  -2  23  32  -5  71  50  54 -93 -86  58 -17 -95 -58 -28  17  -3 -88 -44  57  31 -62 -71  70 -47 -88 -94  21 -44   8 -24  -4 -95 -99 -71   0  69  76 -47  74  90 -90 -42  92 -49  29   8  45  39  63   1 -31  98  30 -60 -48  39 -54  73  94  53 -52 -10  55 -54  18 -46 -85  -4   6  88 
-15  13 -53 -24  64  73  83   8  11  46 -89  79  45  38 -79  95 -22 -36  67 -29 -84 -86  60  70 -42 -20 -74 -28  73  29 -39 -41 -56   7  32 -93 -21  14  14  90 -39  24  70 -94 -37  88  98  38 -47  66 -89 -32  79  70 -62 -64 -51 -39   7 -77  89  67 -21 -66 -27 -88 -60  50  26  52  41  84 -23  10  87  38  -2  86 -25  48  53 -15 -82  32 -45 -47  67   3  13 -26  24   3 -58 -96  35  13 -86  72 -36  37 
 25 -96  20 -98  11   9  37 -90  -4 -87  58 -51  -2  73  78  52 -73  44 -46  37 -81  77 -61 -41  79  73  71  90  47 -66  26 -29 -65 -53 -28  45  55 -90  55 -49 -77  12  -3  18 -14 -24 -31  10 -79  22 -54 -60   1 -16  -2 -21 -43 -32 -30 -95  -1  95 -25  33 -59  45 -21  94  54 -67 -54  74  42  42  -9 -73 -83  59  34 -63 -17  79 -24  81 -37  71 -41  19 -60  28  21  36  22  93 -30  62  39  47  57  -7 
 77 -98 -32  21  41  59  47  57  17 -19  92  97 -39 -31  77  23 -60 -63 -59 -23  64  61 -85 -15  56 -18 -51  -4 -70 -95  88 -91 -95 -44  27  43 -86 -27   0  30  53  -7  29 -86  61   5  34  98  42  75 -23   5  37  -9  90  -6  72 -62  88 -98 -60  75 -92 -58 -68  34  85 -55 -94 -14  73  57  78   1  70  38 -93   5  38  48 -21 -86 -45 -84   2 -56   7 -25 -19  -4 -26  18 -27 -19  60   2 -86  46  47 -82 
-69  19  74 -90 -79  43  45 -73 -51 -18  73  26  -5 -73  41  96 -30 -51 -29  48  43  44 -33 -83 -75 -72  18 -64  71 -36 -47 -97  82 -74 -90 -98  68  55 -71 -83 -62 -99  42  33 -73 -16  28  -6  30  98 -57 -26  44   7 -10  66  33 -92 -97   5 -31 -46   6 -47 -21  15 -46 -51 -31 -20 -35   5 -22 -92 -63   2 -11  64  95 -80  64 -63  -8   7  42  79 -28 -24  86 -26  78 -45  25 -15   7 -94  98  58 -48 -34 
-62  16  68  15  21 -94 -83 -91  68 -89 -74  33 -54  17 -61  87  -2  10 -38 -17  81 -59  37   6  24 -57  11  21 -99  62  84 -62 -23  54  50  95  59  66 -95  26  77 -70 -40 -76  45  -4 -90 -58 -95 -29  24  84   9 -39  -9 -68   3 -97  52   3  62  38  38 -62  -9 -10 -66 -51 -45 -64  75 -67 -37 -66 -46 -91  30 -37 -50  32  31  72  17 -58 -66 -93 -27  34 -93 -73 -63  68  62  74 -95 -48 -37 -64   0  18 
-29 -26  48  34   8 -96  40 -63 -36  88  68  95  61 -15 -62  92  -9   8  25  -2  32  61 -35  -5  35 -32  44  95   3 -54  14  72  17 -38   5 -74 -35 -54 -38  26 -65 -70  22  93  14  57  84 -96 -33  11  -1  98 -29  64  -7 -95 -67 -62 -98  33 -19  13   6  98  74 -88 -77 -62 -42 -15  64 -10  12 -15 -17 -75 -56 -32 -72   8  76  27   7 -53 -10  97 -49  20 -65 -50 -46  15  63  60  12  38  69  35  76 -74 
-81  39  16  30 -75  96  54 -34 -35  79  73 -59   5 -20 -13  94 -22  35  15  12  85  67 -73  49  26  36 -14  -4 -30 -39  22 -12 -99 -63 -83 -76 -68  68 -11  -4  49 -36  34 -45  43 -78 -51 -80  57  61  32  43  29  58  -9 -46  -7  76  50  63 -63 -29 -50 -63   5 -33 -42  36 -66  47 -69  80 -90  65 -65  50  84 -17  69  40 -57   0 -18  72 -43  70 -75  50  46  74  14  82 -56  63 -80  46 -71 -22 -17 -37 
-76  12 -56 -67 -24 -22  80 -41  58  48 -99 -97 -50 -20  72   6 -48  96 -45  97  70  68  80 -87  31  97  59  59 -26 -59 -79  -5  52 -35  25 -73  40   6 -14  -2 -44 -16   0   5  61 -27 -90 -86 -32 -35 -90 -61 -68  87 -48  62  84 -88  21 -43 -48  41  52 -96 -95 -22 -70  43  82  13 -58 -63  96  41  39  59 -87  48  70 -20 -88  78  19 -58  64  68 -97  47  79  23 -94 -70 -36  55 -69 -34 -68 -39 -90 -85 
 73 -51 -49  69  89  87  29 -99  37  -2 -19  46 -23  97  87 -59  64  90  87  44  12  92  71  73  48 -96 -59  78 -38 -52  90 -64  -3 -59 -96 -15 -71  32 -14  65 -70  64  11   6  60  -1  46  25 -12  33 -32  98  26 -62  72 -26 -59 -88 -47   0 -40 -56  34  54 -16  37 -60  11 -31  23 -23  -2 -14  85 -97 -53 -16  47  69  71 -19 -64  70 -92 -26  42 -21  12  53  29 -86 -86  71  47  67 -46 -15 -93  64  53 
 29 -59 -48 -85 -73 -45 -41  10 -97 -70 -19 -19 -37 -50 -14  36  91  65 -50  44  -7 -37  55 -35 -89  24  19  -5  28 -18 -52 -44  22  -1 -30  47  51  29 -44  51  56  34 -67 -80  84  19  54  74 -17 -95  17  75 -35 -26 -58 -25  95  58  67  24 -61 -84  77  59  13 -51   7 -35  75  60 -84  30  -4 -52  47 -21  64   2 -48 -52   6  69 -75  70 -56 -36 -56 -60 -79 -89  61 -43 -74  39 -83  36  87  23 -99  61 
-17 -84 -10  78 -39 -61 -44 -75  40   7 -28 -54 -25  -6 -85  18  55 -43  55  73 -33  17 -68 -10 -42 -52 -72 -56  69 -74 -95 -47 -59  -6 -70  -1  32 -15  23 -28  89  93  17 -34 -14  29  81 -57  85  38 -85 -47 -46 -54  43   9  -6  68  51 -38  93  55  14 -67 -52  43  29  80 -73 -48 -49 -83 -54  67 -20  31  -3 -37  71 -18  98  86  34 -47 -69 -24  62  24 -55  14  83 -63 -32  -2 -33  15 -60  96  -6 -36 
-51  44 -21  -8  10  58 -78 -91 -80  93 -10 -81  78 -77 -28 -90  -1 -67  32  41  44  16  76 -87 -86 -58  27 -49 -63 -77  13 -15  64  91  74 -24  50  96 -18  70  88  69  86  65  91 -43  74 -11 -11   5 -70 -66 -79 -95 -56 -66 -54  69 -18 -17  89  94  65  54  86  41 -69  36  36  12   5  23 -18  -8 -11 -27  47 -36  59 -63  67  88 -31  87  92  10 -78 -62 -20   1  20 -30  -3 -14 -76 -18 -74 -48 -83  59 
 62  21 -17 -55 -87  71  15  59 -65 -24  93 -97 -37 -39  89 -43  71 -90  -6 -50   8 -87  18 -94  -4  41 -14  20  90   2 -20  53 -77  63  96 -67  33  12  91  67  87  83  67 -48 -56  55   6 -84  62  97 -37 -28 -91  80 -25   4  20  60 -75  12 -38   3 -34 -16 -33 -37  16  97  73   6  66  59 -12  32 -90  31 -11  13  44 -50  11 -91  21  19  86  96 -77   6  55 -55 -81 -84  47 -18  -1 -85  43 -86 -86  15 
 19  77 -25 -93   8 -17  37  94  95 -17 -54   8 -11  66 -74 -24  61 -54  81  16  -9  97  31 -61 -21 -70 -48 -79 -57 -37  35  60 -59 -91  66  46  -9   2  42 -12  84  87  93 -28  54 -82  48  15 -36  28 -70  54  25  60  92 -95  87 -55 -77 -70   7  55  87  45  63  52  -7 -46 -45 -64  41 -61 -78  33  10  73  50 -43 -11 -85  85  16  68   9 -24  60  13 -36 -96  33  -7   9 -11 -19 -45 -47 -66  45   4 -13 
 78 -56  25 -99  76 -66  74  28  -9 -38  40 -25  78   8  83 -45 -31  -5  18 -30 -71 -89  78  17 -11 -67  67  21  77 -27 -91  55  16  31  55  -8  64  28 -79 -46  90  58  26  69 -33   8 -75  33 -96  40 -97 -70  48  80  46 -61 -86  13  59  89  85  67  45   0  -3   1  91 -40 -69 -89  12 -80  69 -61  88 -65  47 -88  66  48  49  68  78  -1  47  23  37  61 -63  -3  51 -79 -37  -5  21  59  95  13 -82 -75 
 24  29 -56  -8  68 -69  24  14 -60  -9 -37  89 -42 -60 -11 -93  63 -73  65 -99  21  15 -78  81 -89  42  41 -95 -46  56 -72  75 -13 -31 -34 -46   0  90  67  39 -20 -71  29  36 -31 -83  42 -67 -57   6 -69  61 -78 -50  43 -68  89 -17 -66 -55 -59 -39 -81  25  30 -15  78 -71 -24  44  65  55  70  -6  -8 -60  10 -67 -30  51  36  -1  13  57  48 -42  86  39  38 -78  83  78 -20 -99   4 -89 -15 -19 -63  60 
-74 -96  15  94  -3 -94 -65 -94 -63   3  56  72 -99 -31  31  48  26  16 -12 -35  37 -30 -57 -81 -29  44 -73  53 -73 -38  15 -50 -35 -71 -55  59 -66 -22  64 -32  78  20 -58  78  88  70  27  13 -13 -85  75 -76 -18 -81 -60  50  63 -36   5  87  25 -81 -62  89 -55 -17  47 -22  58  11  44  37 -68  85  16 -79  56 -58  33 -58 -46   9 -35  36  26   4 -15 -10  68  87 -22  -6 -93  13 -17 -49  93 -71  27  52 
 39 -28 -10  70 -44 -93  90 -89 -53  22 -48   0 -69  17 -63  56 -80  20 -53  85   8  22 -21  13 -66  61  61 -71  87 -13  80  28  56 -28  -1 -87 -24 -11 -77  20 -90 -27 -78 -60  87 -44  95 -92  75 -59  93 -17  60 -29  95  94 -69  55 -76 -81 -56 -97  46  97 -28 -55 -88  46  31 -68 -33  40   4 -12  80  -8  44  76  -2  18 -81 -10 -98  78  60  94  71  90  49  94 -90  92  95  54  90 -32  98 -99 -85  30 
-67 -18 -29  34  69 -50 -74  12 -72  21 -68 -56 -88 -69 -79  69 -73  92  60  75  85  67  66  81  22  55 -49  19  56 -35 -52  86  44  19  19  13  68  42 -74  93 -36 -43 -62 -25 -12 -43 -57  12 -50 -96 -14 -64  69 -47 -83 -10 -93 -33 -89  60  29 -42  47 -27  74 -34  85  42 -91 -88  34 -27 -33  70  45  52 -72  88 -37 -23  89  48  10  57  98  24 -51 -94  88 -41  66  17  14  12  89 -10  77  73 -69  84 
 82  64 -42 -50  35 -98 -99  62  87 -37 -62  76 -90  46  34 -91 -29  82 -85 -39 -60  80  77  54  -9  65 -55 -30  39 -25 -45  22 -62  10  70  73   9  68  36  -4 -67  74 -27 -58  19 -94 -51  89  88 -37 -51 -71 -58 -75  80  32  89 -76 -99  27  -4 -47 -51  34  62 -80   8 -29  87 -55  66 -81 -82 -60 -41  36 -57   7  25 -68  67  73 -41 -92  96 -62  37  86 -38  38  13  57  90  61  -8  52  78  97 -76  64 
-58  89  81 -41 -72 -59  93 -32  45  17   0  11 -11  56  18 -14  93 -44 -28 -46  91  84 -87  81  44   2  34  23   1  55 -14  42  43 -32  98  68   6  90 -63 -50   8  34  60  97  -9 -23 -16 -16  31  55  37  21  38  47   3 -17 -49 -64 -95  51  90 -11  -6  32  56  -9   1 -38 -17  38  11  90 -29 -29  88  60  47 -28 -55 -23 -74  79  98  64  28   2 -54  78  38 -51  28  27  37 -79 -39  -8  11  61  53  93 
 -2 -36  85  69  34  72  30 -20 -57  72  57 -31  50  54 -68 -21 -43 -23 -44  92  23  83  19 -39 -97  79  53  14  39   7   8 -63  68  -8 -95   3 -34  32  81   6   5  37  74 -44  -8 -95  33  46 -18  86  40 -94  71 -40 -35  71 -62 -81 -14  76  23  92 -88  -7 -15 -84  93  48  47  75 -44 -49  13 -71   5 -94 -66 -63  50  13 -76  -9  16  92  48  80  65  85  98 -48  60  21 -55  70 -85  28  85 -91 -23  32 
 82  30  80  -4  59 -16   0  92  20 -49   6  44  39 -79  37 -14 -97   3 -30  98  53 -69  20  95  98  34  22  83  41 -99  14  24  28  -5 -81 -12  79  16 -21  -2  64  82 -57   4 -95  78  87 -93 -20 -42 -96 -68 -11  24 -71 -14 -43  50 -30  95  48  83  18 -24 -20  37  61 -42 -48 -58  53 -82 -75  94  19 -73  73   8 -67 -48  65 -65 -16 -47  58  10  39 -86 -41 -90 -89 -93  91  28 -18 -30 -34 -56  25  16 
-15 -21  33   8 -26 -49  32 -52  58  63   0  23  97  81  73  56  -8  13  69  50  21  79  56  11   7 -61  80  70 -19   6 -13  63  84 -81 -30 -42 -30 -96   3 -73  66 -98  49  64  82  22  21 -25 -66 -11 -75  52 -32  80 -36  74 -81 -55  45  -1  48 -66 -37  32 -48  33  89  19  36  -7  46   1  -5  -6 -34 -24 -83  84  51 -49 -28  75 -98  39  54 -34  12  72   8 -41 -30 -42 -10  33  87  39 -35  77 -40  98 
-31 -95   0  61  -2  65 -61  13  48  87  61 -79  61  62  60  16 -73 -27 -12  35  29  57  90 -82 -11  78  57  51  54 -82  50 -76 -80 -51  85  17 -87 -75 -71  60 -89  89  79  71  51  40 -12  77 -88  75  13  39  32   4  56 -78 -19  12  71 -64  27  22 -40  46  69 -56 -35  81 -34  -7  41 -24 -18  21 -52 -66 -40  33 -88 -31  10  23 -93 -59 -74  63 -40   7 -26 -68  42 -97  52 -99  48  22 -56 -88   2   9 
  5 -56  84  84  62 -69 -81 -77  64 -72 -10 -27  50  -4  13  76 -42  72 -18  32 -96 -75  34  55 -74 -17 -24 -31  -5  77  76  97 -79  59  80  82  90  98 -95  55 -75  -8 -73  73  87  39  48 -53  10 -69  78  13 -47  11 -33 -22  93  42  45 -13  19  22 -15  39 -18 -34  20 -29 -37  22 -75 -14 -85 -49 -42 -96  87 -93 -52  -3 -65 -75 -89 -13  35 -24  63  27 -81   9 -84  35 -70  -2 -27   9  62  93  80 -76 
 14 -96   7  29 -45  64  30 -59  70  75  37 -94 -99  46  -9  35 -77 -45 -37 -61  63 -24  74  90  72 -52   0  35 -60 -21  56  54 -17 -35 -18  35 -70 -89  75  98  85  14 -95  85 -39  -7  19 -17  47  79  19  11 -43  -6   0 -72  40 -98  62  79 -20  19  32  62  81 -85  -4 -87 -77 -27 -88 -91  86 -86  91 -54   7  11  28 -45  -8 -52  64  46  40 -35  73 -19 -34  34 -41  44 -48  91   5 -65 -95 -97 -55 -72 
-27 -44 -64 -40 -33 -71   5  73  37 -68 -72 -72 -23  91  73 -84 -45  45  -4  19 -22  53 -36  28  45  66  62  49  66 -94  74 -60 -39 -88  -3  25 -62 -97   0  74 -68  27 -96   7  17  74  22  69  19 -82 -11  94  70  50  23  14  16 -16 -38 -17 -11 -62  23  47 -53 -79 -26 -18 -78  71 -45 -49  -3 -42  57 -87 -68 -21  81  48  -6 -28  43 -35 -79 -34  76  36  49 -61 -79 -62 -26  41  82  18  59 -45 -99  80 
-75 -44 -69  19  11  87  31  40 -35  14 -11  58  83 -68 -78 -97  -3  95  39 -55 -64  57 -20   7  -1 -36 -73 -41  16 -75 -61  41 -22 -31 -39  89 -45  90  30  20   3 -81 -23 -13 -50  -1 -13  44  -5 -73  88  28  83 -30 -65 -19  31 -41  40 -54 -17  76  86  59 -54 -53  47   0 -62 -24 -81  40  -6  -4 -74  41  92  12 -14 -14  37 -24 -86  19  43 -54 -98 -27   4  39  18  84  16   4  44  59  50  -8 -42  85 
 68 -23  24 -39  70  49 -96  61 -40 -11 -54  96  62 -41  17   6   4  16  76 -93 -44  -4  91  69 -99  34  29  48 -72  84  34  93 -38 -41 -45 -69 -93 -44  89 -34  45 -63 -38   6  -5  76 -88  97  -7  87 -95  46 -16  93  16 -18  29 -56 -69  54 -71  64  46 -11 -78  98  17 -72 -44   8  -6  98  44  53   5 -62  30  16 -64 -76   5 -61  69  86 -69 -16 -30  59  25   0  12  51 -36 -41 -59 -15 -43  56  13  12 
-35 -94   9 -90  58 -85 -55 -11  31 -21  10 -65  17 -20 -78  47  61 -11   6 -13  89 -83 -61 -46 -24 -22  36  30 -65 -50 -57  -3 -45  51   6 -88  63  48   0  -7 -72 -89  25  44 -12  45  -9 -52 -65  94  32 -77 -88  71 -24 -15 -52 -88 -84 -18 -39 -44  78  14 -94 -17  23  69 -68 -77 -39 -42 -69  86 -97  19  32  -9  64  66 -16  -2  89  -4 -32 -36  80  15 -25  94  94  34 -49  71 -53 -45 -47  69 -77 -18 
 91 -17  39 -76 -30  40  40 -99 -70   3  65  14 -98  55 -89 -31 -82  88  83  -9  81  76 -76 -66  48 -32 -14 -98 -64   8 -18 -71  90 -78 -50 -40  61  87 -42  91  -9 -76   4  -9  76  14  59  92   1  42 -16 -16  19   5  15 -33  72 -98 -34 -91   7  47 -65  -2  67 -18  55  27 -32 -85  17  59 -62 -78 -49 -84  33 -91 -91 -64  48 -10  17 -31  92 -67  33  65 -68  98  71  38  45 -94 -65  13 -13  90 -59  55 
-96  58  13 -59  77  61 -46  12  69 -40  45  19  47 -37  85  40  -7  17   4  22  16 -23 -39 -40 -18  -7  72  66 -18 -87  22 -15  68 -66  24  46  94  77 -43  63 -63 -97 -19  81 -35 -35  23  55  81 -72 -22  -4   2  38  56  81 -69  29  49  12  39 -30  97   6   2  22 -46  -3  -2   8 -41  32  11  37  15  73 -97 -61  30  83 -36 -91 -19  64  45 -62  46  75  64  -6 -12   3  62 -14 -90 -35 -93 -39  59   5 
 69 -82 -62 -19  54  50 -47  57  86  82  39 -48  91 -79 -85  37 -44  58  13 -80 -46  98  22 -85 -14  31 -21  -8  90 -63  94  60 -46 -68 -60 -90  81  -8  64  69 -24   4 -80 -34  23 -66 -98  78  89  14  97 -56  13  18 -42  96 -51  34 -12 -60  69 -17  97 -76  12 -64 -69  -5  27  92 -37 -98  -2 -20 -35 -80  11 -34  97   1  77  94  43 -10  11  98 -13  59  34  72  96   4 -43  94  25  66 -69  54 -38  56 
 47  22  55 -56 -97 -78 -37  13 -13 -40 -86 -34 -45  56  55  65  55 -59  24 -12 -85  21  91 -31  15  16 -64  45 -29  -4   0 -83 -81 -43 -39 -80 -22  23  30  62  82  43 -73 -64   0  79 -99 -45 -80  24  42 -66 -54  33   0  60 -50  33   5  18 -70 -94  32 -53 -40  92 -34  35  15  93  -1  -4  38  23  30 -63   4  30  -9  23 -45 -67  54  -2  65 -45 -42 -86  85  62  31 -83  65 -36 -37 -75 -44  26  59  68 
 20 -43 -37 -43  80  92  -6 -17  23  82 -95  75 -84  58 -27  80 -88  30  91  96  -9  23 -88 -45  85 -26 -23 -60  97 -62 -93  19  -8 -31  73 -29 -37 -32  53  83 -50  55  58 -35  14 -68 -55  23  59 -63  19 -51  58  30   1  42 -96  78  79 -98 -85  85  18   6 -45  -7  75  15  58  27   0 -93 -16 -41 -30  97 -12  14  20 -52  48 -60  -6   5  69  94 -54  72  71 -74  72  85 -88  -9  -9 -35  81 -33  79  41 
 93 -20  47 -22  36 -82 -25 -75  29  92 -30 -23 -67  61  81 -97  55 -73  73  27 -48  46  12 -38 -64 -98  26 -81 -32   6  57 -40  84   5  36  21  21 -90  44 -51 -97 -85  23 -65  76   4 -65  30  30 -91 -42  81  52  67 -56  88  68  69 -92 -65 -25  64  -5 -40 -32 -70  78  86 -61  23 -65 -59  36  57 -25  11 -38   7 -58  91  14  -3  72 -33 -34 -83 -44 -65  84 -39 -32 -42 -76  62  15 -10  91  -6 -23 -69 
-83   9 -31  50 -32  41 -40  27 -51   1  20  62  95  -9 -71 -40   7 -16  -7 -10  43  60  45  66  23 -39 -45  13  53  32  41  67 -60 -89  18   7  51  77 -64  97 -23  53  59 -29 -55  87  31  49 -30 -75 -61 -86  84  83  78   8 -54 -66 -80  96  63  60  64 -95  68 -17  11  18 -41  44  16  33  -4 -24 -95  38 -38  35 -13  32  59  25  45  44   7  24 -49  52  56 -32  47  20 -71  12  22  94  92 -67  13 -48 
 76 -71  82 -28   2  87 -89  64  23  -5  -3 -18 -79 -59 -75  28  63 -26 -21  20  41 -74 -61  68  37  61  61  31  93 -26  80  68   0  64 -59 -97  52 -50  64 -26  44 -40  53  63  -1  76 -10 -37 -49  66  80  89  91 -82  56  30  76  19 -40  68  90 -59  38  -9 -94  76  -9  55 -75 -43 -71  67  14  81  31 -88  58 -80 -28 -92  85 -49  95  76 -31  52   7 -56 -30  64 -86 -39 -94  49  51 -90  24 -56  62  47 
 -2  90  15 -89  71 -55 -77  28 -36  -6  36 -52  45  30 -75 -87 -17  29 -44  53  -6 -33 -87  -2 -83  64   7  39 -93 -30 -13   4 -40 -97  14 -68 -53  34  57   8 -70  -6  53  72 -75  78  84   6   6 -59 -42 -98   6 -30  -1  22 -67 -95 -38 -61 -28  48  40  31  48 -46  60  92  87  19  -1 -82 -88 -46  89 -65 -69  72  38  36 -87  95  35  18 -36 -67 -61  -5 -63  -1  33   7 -54 -27 -61  94  26  97  87  14 
 15 -12  30  26  39  18  58  69 -10  -3   6   2  -9 -59 -81  55 -27 -43 -51   8  55  79 -84 -97 -47 -48  94  76 -52  82 -10  62 -31 -79 -12 -91  36 -53  77 -75  42 -17  26 -66  21  44  86  93 -99 -64   0  53 -83  15  53 -33  65  48 -55 -86  30  34  74  98  52 -37 -93 -13   7  81  12 -50 -37 -63 -18  83  79 -31  76  79   3 -23  33  17  90 -12  83  54 -65 -71  67  64  60  40  62  13 -96  68 -98   9 
 48  11  58 -87  47 -61  95  27   8  72   7 -90 -51 -60  26 -60  25  10  93  59  37  59  23  -2   1 -14 -87   2 -45 -88 -88 -96  22  68 -86 -30 -94 -89  97  13  80   3  20 -70  40 -53 -31 -34  57 -39 -75  -7 -78  47  90  20 -68 -96 -77 -16 -87 -67 -15  34  98  -1 -96 -95   7  98  16 -12   0 -63  18 -58 -18  84   5 -60 -55  27  32 -34 -27  21  85   4  23 -93  87  35 -63 -26 -31 -66  70 -30 -63 -22 
-31  52  65  68  86 -18 -91 -31 -34  12   6  10 -60 -63  73  13  58  57 -82 -18  61 -95 -84  98 -22 -16 -69 -53  53 -33  24 -79 -82 -12  87 -94  70  93 -28 -65   6  78  44  46 -86  16 -42  71 -26 -25 -48 -64 -23 -34 -67  54  49 -36  98   2  30  23  20  48 -87   8  51  80   3 -76 -84 -92 -99  57  53 -87 -26 -88  81  45 -15 -65  80  61   0 -87  15 -52 -24  14  47 -95 -61 -31  50 -51  74   2 -70 -24 
 24 -55 -18  22 -99 -64  34 -28 -54  17 -82  28  49  95 -10 -52 -91 -96  -7 -16  18 -58 -11  54   8 -62 -98 -19  40 -69  55 -37 -27 -62  82 -27 -29  16  44  14 -66  61 -57  80  57  33 -71  64  34  19 -51 -49  58  35 -94 -35  73 -93  46  12 -65   0  72   7  35  55  77 -93 -28  20  21   3 -20  63 -18 -63  -5  10 -98 -69 -71 -50 -19  86  83 -15 -47  55 -11  96 -34  22  -3 -61 -72 -67  91 -93 -63 -37 
 26  57  63 -94  20 -53 -58 -86  54 -57 -58  82 -10  21  70 -26 -95 -78 -72  -9 -81  -7 -86  13  29 -58  45  20 -54  79  80  69  36  42  74 -43  86 -83 -32  42 -41  10  23  47 -68  -8 -80 -66  13 -52  24  29  38  38 -57 -33  79  85  86 -76  66  65  92   3   8  68  57  -4  84 -74 -63 -57  33  57  89  62 -49 -90  95  61 -43  21  -8  93 -40  34 -39 -62  21 -54 -39 -14 -88 -48  88  17 -79  46 -88 -95 
 69 -54 -53   4 -95 -63 -33 -45 -56 -36 -85  -1  82   6  -7 -59 -58  53 -22  60  96  36 -53 -93  85 -66  23 -92  77  33 -88  47  76 -44 -48  78 -10  17 -66  33  78 -53 -69  61  52  23 -97  91 -25 -22  50 -28 -87  96 -22  97 -71 -99 -96 -93  31 -87  54   8 -32 -95 -12  55  19  19 -12  -2  65  18 -42  17 -57 -42   9  17  33 -39  89  43 -44 -34  40 -15 -34  43  -9  96  56 -56   4 -77 -53  91  76  65 
  9 -35 -37 -24  82  18  92 -76  76   0  41   8  58  29 -47 -84  92  92  -2 -40  34  86 -43 -11 -70  60  12 -24  50 -11 -58 -39  51   2  34  34 -78  27  58  95 -74  -2   4  84 -74  54 -99 -81  45  -4 -24 -19 -17  31  67  12 -10 -20  85 -58  66 -71   0  18  28 -65 -48  49  59 -91  45  84   4 -51  67  27 -98  65  43  47 -38 -79 -73  43  49  93 -46 -60 -27 -59 -21 -62 -33  76  56  94 -88 -93  45  68 
-87 -11  52  16  37  20 -58  37 -13  84 -15  48 -96   9 -10  52   1  44  92  73  84 -30 -87 -50 -52  66 -55 -43  70  87 -73  82 -22  78  -3 -86  -1  38  50  83  23 -66  31  25  40 -78 -22 -57  65 -31 -83  48  37 -73  97  84  90 -56 -58  61 -70 -34  42   7 -55 -60  19  42  75 -32  24   0   2 -44 -76 -59 -22   1 -17 -58  68  -2  90   6  24  86  -9  14 -71  30 -26 -41  94 -82  63 -62 -45 -17  79 -68 
 51   3  29 -48  58  52 -10 -65 -46  73 -23 -79 -28 -34  26  93 -49 -84   6 -20  44  80  38  39  97   2  76 -47  83  55 -16  33 -41 -86  82 -82  63 -27 -49 -83 -55  27 -63  16  90  63   9 -58  76 -84  19  21  95 -42 -39  91  58 -61 -56  40  93  25 -28 -49  39 -45 -32   1  25  16  17  70 -58  54 -15 -67  16  93 -27  -7 -91  91 -84 -97 -51 -24  94 -94  12 -63  43   6  61 -84  56  -1 -32 -76 -98  92 
 39  18  63  81 -27 -52 -87  86 -60 -17 -19 -52 -24  -4 -51  22  71 -58  25 -17 -22 -31  88 -60 -16  44  39  51  65  38  42   3 -43   7 -17  28  52  -4  15  91  78  95 -61 -47 -10 -13  72 -39  28  -2  43 -93  66  30 -56 -51 -25  82 -99 -61  21  43  42  76 -51 -76   3  98  19 -81  90  -3 -86 -70  47   3  14  19  63 -57 -82   5 -53  82 -63  -9 -68   9 -26 -69  48  93  71 -11  68 -79  12 -28 -80 -69 
-12 -91  25  -1 -63 -29 -98  50  89  62  93 -91 -31 -59  90   5  31 -79 -85 -95 -49  60  95 -77 -52  62 -59  58 -67 -42  88  18 -33  12 -81   1  82 -82 -48  71  79 -56  77 -53 -15  66  51 -85  86  64 -83 -61  23 -89 -41  71  70   0  30 -96  57  17  22 -77 -72  38  23 -91  55  73  79  33 -82  57  80   0  24  30  13  10  -7  29  48 -82  38 -94  86   9   5  15  11 -38 -69 -66 -18 -42  69 -93 -34  25 
 79 -53 -41  94 -97 -62  -4  25  68 -90 -64 -38  36  81 -23 -27  86 -36  82  -9  78  -6  52 -92  25 -65 -35  -5 -61  31 -79 -83  75 -23 -87  77  15   6   1 -18  15  36  43 -50  18 -78  23   6 -17   4  94 -39  97  47 -32  21  79  33 -83 -82 -37 -65 -68 -63   9 -56 -87 -77  47  14   4 -39 -49 -53  11  67 -34 -67 -28  48  36 -33 -92  32 -85 -24 -46  91 -92 -32 -90 -32   2 -58   4 -90 -17  16 -67 -70 
-69  34 -10 -20  80  98 -52 -53 -68  19  93  67  85 -98   0  97 -23  51  87 -18 -80  95  49  19 -64 -46  29  18  68  59  45  96  -6 -63 -25 -26 -64  22  20 -32 -60  12 -66 -76  14  34 -80  88 -14 -91 -28   6 -97 -80 -76 -62 -26  52  53 -59  10   0 -62 -94  36  13 -23  71 -66  94 -62 -28   8 -28  -5 -77 -95  13 -90 -10  21 -19  93  23   1 -83  58  72  68  12 -88 -22 -87 -53 -19  48  57  57  19  91 
 52  54 -38 -39 -73  56 -19 -71 -30  -9  19  88  69  11  10 -31  27 -33 -60  -5  79 -49  72  91  -4 -46  39 -46 -90 -43 -56  61 -90   5 -78 -63 -37   0 -37  30  88  81  18  57  -8 -73 -75 -82  -6 -35  12 -28  13 -17 -36 -90  34 -98 -38  43 -44   5   4 -34 -88  23   0 -28 -78  62 -99 -88  43  18  66 -64  43  90 -47 -64 -44  63   7  67 -53  68  74  81  68 -63  25 -75  42 -72 -12  53  50  87 -74  70 
 51 -74  81  -5  42  48  28 -16  37  78  17  91  42 -77  59  89  90  34  69  57  69  -7  82  12  21 -31 -36 -30 -42 -11 -59 -92  12 -79   0 -47  66 -71  34   5 -94 -48  -3  48 -26 -45  38 -36  86   6 -78  56  98 -97 -31  20 -28  32  88  29 -80 -70  34  32 -51 -65  82 -84 -39  18  18 -34  69 -84 -85 -57 -32  50   6 -44 -43  27 -87 -43  30 -18  74 -97 -87  63  29 -67  91 -36  62 -59  -2  43 -44  58 
-38  72 -77 -69  87 -62 -27 -43  87  78  12 -56   6  22   0 -65 -95 -25 -65 -84 -62  63 -52 -70 -72 -91 -30  23  51  23 -20 -87  -4   3 -57 -17  38  13  37  26  -8 -52  67  95  69 -32 -70  74  41 -36  89  78 -71 -64 -93 -46 -58 -26  75  92  96 -46 -94  -8  56 -54  74  -5  58  10 -79 -51  57  87 -54  27 -45 -27   0  93  36 -12  70  62  23  76 -84  62 -49  90  56 -54 -55  59  37 -99 -93  10  -7  62 
-79  13 -87  75   0 -44   4  52  28 -95  46 -37  -9  17 -73 -87  -6 -58  75  42 -69  32  87 -25 -10  24 -27  -6 -65  66 -42 -46 -22 -32 -70  75  21  31  28 -50  34 -25  12 -74  89  36 -62 -16  77 -86 -73 -91  43 -86 -18 -67  37  52  26  69  17  81 -78  95 -50 -50  69  68  80  -3 -81  13  69  29  38  60 -34  74 -55 -57  85 -30 -51  28 -17  30  60 -79 -16 -15  87 -98 -32 -89  94  15 -40  63 -15 -59 
-39   1  54 -69 -71  -9  90  -7 -36 -65  35 -49   2  83  76  84  13  37 -96  94 -77  90  93 -12 -98  87 -95 -39  51 -13   0 -89  85 -47 -61 -84  43 -71   6 -93 -37 -60 -43  64 -76 -66  47  34  68  50  29  88  39  22 -22  41  10 -20 -97 -40  64   0 -30  50  52   8  63  -5  34 -30   1  94   9  57  59  31  88   5 -36  55 -44  93  44  95  14 -79  35 -75   0  35 -16 -35 -63  51 -85  88 -42  77 -16  92 
-53  84  87  55  40  46 -15  27 -48  49 -17   6  41 -73   0 -44 -53 -66 -22  47  68  61 -89 -94  11 -75  92  68 -96 -25  61 -52 -39  48 -96  98  -5 -13  27  44 -63 -91 -51  75 -65  46 -68 -18  79   9 -72  49 -31 -62  52  79 -37  45  48 -36 -80   9  11 -20 -44  12 -23  48  98 -97  -7 -66 -90  40 -90 -56 -13 -61  23 -32  47  50 -84 -85  88  65  93 -50  10  41  11  29 -51 -79 -92   2  32 -16 -49  30 
-15  41  63  -6 -18  71  37  67 -89 -40 -66  56 -89 -51  68  96 -87  61 -55  22   3  55 -48  49  75 -41 -48   7  41   2 -62 -73 -58  98  20  24  68 -44 -10  77  15  23  32  24  69   1  19  81 -37  64   3  63  18  54  13  -7 -87  62 -99  53 -37 -64  77   5 -67  -4 -72 -97  51  17  79 -34 -61  12  87 -91 -88   7  87 -25 -28  -9 -61  90 -53  50 -16 -43  13 -18 -89  76  17  85 -20  49 -18   7  49 -68 
-75  27  -3 -37 -62 -17 -31 -50  90 -45  22 -37  46  60 -48  90   9  35 -52 -76 -82 -44  97  32 -58 -22 -19  21  82 -71  52 -94  56 -51 -34  91  31  34 -60  22  88  61  83  33  21 -64  24 -69  69  69 -48  86 -74 -52  18 -35  23  98  85   6 -72  37  11  81  85  74  74  17   7 -87 -61  -5  74 -77 -71  -4 -44  51  24 -74  21  76 -86  45 -75  29 -91  46  28  92 -47  53  30  62  36  16  37   9 -68 -54 
 21 -32  40  -6 -12  66  89  44  18  13  69 -61 -10  80  81  12  10  89 -41 -63  82  10  90  11 -27  25 -74 -91 -67 -42 -48  51  23  89 -53 -87  57 -65  56 -26  47  24  12 -64   6  -6  48 -85 -17 -94 -48 -36  15 -59  75  85  63 -98  92  93 -43 -55  45  78 -66  89  90  90 -74  45 -37  70 -30  75 -92  73 -32  53  86  48  58 -63 -86 -27 -25  86 -43 -61  85 -50 -69 -56  -7  75 -77  26  64 -88  15  89 
 56  77  58 -75  51  65  96 -81  19  83  66 -23 -81  77  47  -7  62 -95  31  49 -47  59  90  43  33 -86 -32  -2 -77  82 -14  76  58 -54  98   9 -90  95  27  29  77  -8 -95  95 -29  51 -11 -68  53 -81  80 -95  77  71  47  10  82 -86 -91 -94  93  -5  81  53  38  81 -37  47  75  87 -25  52 -20 -21  48  48 -71 -63  80  80 -47  61  84 -68  32  31  39  15  44  47  21  39 -59   1  -7  78 -19  53  25 -42 
 41 -99 -89 -80 -22  56  66   6  92  47 -13 -55   7 -29 -26 -60 -97 -86  55  46  60 -25 -14 -99  75  76  78 -42  30   2  13 -30   3  23 -12  78 -22 -45 -17 -30 -99  68  14   7 -60  87  47 -58 -98   1  87  59  75 -27  59  49 -50  37 -92  78 -60  20 -53  40 -58  34  19  18  86 -96  87  86  71   2  -5 -90 -12 -59 -49 -13  41 -63 -53  15   9 -92 -35  59  42 -27  38  81  90  84  21 -68  18 -61  49   5 
-58  37  -7 -88 -62  85 -81  25 -73 -31 -87  65   6 -43 -19 -84 -38  45  72 -95 -83   9  86 -91  -7   6 -62 -88  44  86  14  84  24 -94  93  59  90 -86 -17 -82 -18  -7  82  85  49 -38 -99 -87 -91  72 -83 -77 -17 -98 -71  75   5 -34  84 -49 -47  -1 -64  74   5 -70  34  -4 -57 -82  12  23   8  -7   7 -41  55   7 -31  61 -21 -17  81  61 -17 -88  35  87 -23  18 -61  30 -82 -28   5  20   2 -61 -84  42 
-46  25 -34  62 -81  73 -80  71 -21 -14  31  57  68  14  17 -48  25 -47 -61 -97  70 -25  30  86  47 -65   7 -50 -27  20  89  26 -54 -43 -13 -37 -71   6 -67   5  91  64 -36  59 -23  80 -90 -97 -67 -52 -97 -98  23  31  87 -29  65  -6  18 -61 -85   8  62 -41  62 -51  21  88  54  53  -5  45  16  56   3  92  35  12  92  67  60  95  67 -18  25  55  50  -9 -52 -31  27 -39  74 -12  19  38  36 -61  25 -10 
 91 -79 -66   9  74  36   0  11 -51  -6 -23 -92 -12 -55 -11 -86  98 -62   2 -53   6 -70   5 -18  15 -75 -81 -47 -37  43  40 -46  62  73  62  37  10 -39 -53  56  54  24  64 -57  68 -48 -46  65 -12  55 -86  93  84  18 -26   1  41 -10  51 -95 -65  -8 -44  94 -36 -81  32  71 -20  79  28 -67   4  -9 -24 -29  41  29 -62 -70 -14 -51 -78 -31  64  -6  67   6  83  19   9 -83 -90  64 -88 -27  81  42 -55 -40 
 22  73  -8 -75 -37  65  -7 -95  -6  28 -68  77  76 -46 -55  42  45 -86 -53  29  32  55  46  42  19  55 -86   1  -2 -41  58 -81 -69 -49 -57  -7 -84  34  -4   7 -37  27 -15 -59  78  29  80  24  40 -74 -47 -28  81  96 -87  -1  52 -74 -99 -50 -16  58 -32  12 -92   9 -93 -77 -56   0  29   4 -74 -87  42 -94  40  21  27 -19  47  79  52  27  74  64 -73  28  88 -73  75 -29  82 -56  83  87  50  87 -90  91 
-12  38  -3  13  49 -60  16 -12  61 -55  68   7 -77  20 -65  97 -17 -39  24 -28 -15   0  43 -34  41  27 -46  -7  13 -37 -17 -98 -99  79  14  49 -81 -68 -62  77 -26 -95 -15  -6  22  19 -10 -93  77 -85 -24 -37  12 -82  26 -47  42  79  43 -44 -56 -73 -43 -56 -94  69  90 -76  98 -73  98 -27 -71 -16  64  51 -98 -44  55  76 -32 -68 -62  80 -50  63 -68  91  43  74 -51  84  98   5 -73 -95 -25 -82 -72 -26 
-58 -75  44 -29   8  10 -79   7  65  75 -16 -68 -92  19 -87 -43 -17 -58 -52 -74 -83  -4 -89 -83  98 -62 -81 -27 -47 -55  46  -5 -31 -10  63  75  97  81 -17  61  57  65  92  64 -15 -95 -79  68 -54 -34  93 -39  61 -97 -25  60 -60  -7 -68  -9  37  76  83 -92 -33  45  80 -35  27 -36 -75 -15 -72 -82 -52  13 -78 -34 -20 -32  31 -28  26  -9 -26 -98 -49  12  -6 -18 -98 -69 -41  84 -64  25  30 -83  87 -42 
-20 -87  40   6 -71  87 -80 -50 -47  -3  15  83  66 -58 -24 -61 -57  26  50  35 -93  49  65 -34  34 -98  88 -37 -82  77  20  -5  87 -41  98 -83 -52 -81 -35  -2  13  79 -20 -20 -77  55  19 -37 -20 -32  97 -15 -83  61  50  50  62  39 -85  77  15  32 -28   4  91 -29  18 -62 -12  82  35 -98  61 -84 -20  81  69  96 -55 -52 -37 -58  32 -21 -96 -17 -71  64 -78 -57  42  36  74 -87 -61  64 -16  55 -97  71 
 38  37  70  -2  51 -51 -20  21 -54  23  68   7  62   0  85  65  80 -85  28 -97 -45 -30  37 -71 -18  75  92  65  31  95  35 -31  31   5  64 -19  53 -54 -97  97  66  69   5  29 -32 -11  -7 -51   2 -77 -48  56  -8  88  82  73  62  76  38  -5  70 -26  61   0  78  26  81  31  69  83  29  36  51 -65 -34 -80  21  57 -31 -76  79  18  78 -28   7  61 -56 -30  36  81  62   7 -45  22 -93 -68 -52  87  62 -82 
 69  -8  52  22  24 -83  39 -53  73 -93 -32  53  24 -53 -76 -70 -92 -32   0  41 -52 -39 -50   2  83 -46  34 -68 -58  -3 -53 -88  87  98  31  12 -83 -30  58  87 -24 -72  42  98 -28  63 -71 -23 -68  26 -80 -22  87 -33  77  69  20  10  98  59 -93 -56  70  93 -56   1   6 -42  68 -36 -54 -57 -11  85 -58  58  50 -31 -63  79  94 -44 -42  80  20 -65  48 -59  44  47 -99  50  91  68  44 -66 -32 -50 -11 -63 
 11  34 -20 -99  19  19  58 -30  87  92 -50  81 -53   6  62  66  40  12 -94 -15 -42 -96 -65 -52  70  76 -19 -61 -75  67 -26  35   3  51  35 -79 -29  -7 -10 -42 -16  37 -60  31 -58 -99  -4  81  10   0 -34  66   3  -2 -85 -26 -25  -6  11   0 -38  84 -64  62  36  69  82 -94 -39 -29 -37  44 -90   0 -26 -49  -1  68 -68 -90 -31  -5  75  69  92  88 -55 -34 -17  55  65  42  38 -99   6 -25  67 -13 -20 -71 
 58  43  70  65 -58 -56 -85  40 -89 -54  50 -21  38  24 -51  31  11  -9  97  93 -55  61  35  82  59 -60 -42  27  26  36  53 -17 -22  23 -51  19  66 -36 -39  76   7 -90 -46 -53  31   0  75 -56  89  71 -64 -65  34  70 -83  -8 -89 -26 -79  37 -91  73 -79 -14  -5 -32 -93 -38  31 -35 -63 -63 -26 -12 -17 -94  86 -42 -53  76 -70 -17 -88  61 -46 -74 -45 -37   0 -27 -99   8 -55 -81  92  40 -14  98 -99 -84 
-36 -64 -47  35  23  33  38  10  88  85 -13 -82 -33  -3  78  20  22 -68  82 -79   2  80  27  47  97  20 -12 -16  17 -14  -2  78  21  48  12 -54 -18 -49  53 -30 -65 -60 -13  -1  36 -34 -81 -43  -4 -98 -24  97  80 -98  43  78  19 -68 -39 -63  16  56 -86 -62   5  25 -17  85  73 -62 -44 -92 -25  42   6 -88 -93  24 -34   0  24  39  -1   3  40 -57 -20 -40 -27  38  -6  88  -4   5 -75 -98 -69   8  86 -96 
 43 -59 -89 -81  82  14 -72  87 -60  -9 -12  61 -68  86 -35  69 -71  44 -71  -1 -17  22 -14  78 -73  10  78 -45 -83  63 -42  57 -94 -34  75  85  78 -98  73 -81  -7 -37  77  22 -52 -57  -8 -24  86  20  72 -32 -58 -43 -52 -32  67 -75  20  81  87  78  40  90 -57  14  77 -78  16  51 -62 -92 -85 -84  27 -37 -42 -80  36 -57  38   8  11  77  64  56 -56  30  80  63  13  66  40 -46  58  83  67  36 -94 -18 
-14 -58 -11   1 -43 -83  61  15 -65  -4  55  70 -95 -33  48  69 -78  89  -2 -99  51 -88  67  -7 -37  24 -25 -68 -39 -22  13  46  19 -98 -54  76 -84 -94 -10 -50   2 -54 -79   6  11  66 -26  32  54  70  33   7  81  -1 -99 -54 -76 -27 -25 -18  50  85 -73 -29  84 -27 -52 -98 -22  35 -49  77  78 -30 -17 -10 -65  54 -78  89  25  52  -5   6 -48  -7  51 -27  65 -75  54  16 -91  80  86  93 -48 -67  94  28 
 67 -56   6  45  13  86 -64  48  42 -45  36 -32 -92 -68  73 -43  24  23  29 -10  45 -16 -93  54 -36  91  46  13 -75  39 -58  90  82  46  34  -5  33  69 -58 -24 -74  77  42 -67 -90  14 -12  31 -61 -82 -78  81   0 -74  34  61 -82 -19 -25 -59 -79  17 -70 -95 -38  63  -3  94  31  38 -30  54  16 -87  85  23  26 -26 -45  62  -9 -26  45  90  -1 -20  52  15  59 -73  53  79  41  80  81 -96  44 -21  97 -26 
-82 -32 -70  33 -22 -84 -45 -94 -11   9  65  77  80  11  69 -19  89  20  93  49  44  45  27 -14  26  10 -11 -31  86 -12  42 -94  53  71  36 -67  84  91 -64 -26  -1 -98 -47 -19  11 -79  59  -1  38  51 -53 -18  -3  73  67 -76 -18 -42 -10 -30  43 -67 -25  -3 -96 -90  27  87  98  60 -39  -3  60  11  75 -30  29  35  68 -34 -15 -84  47  81  86  16 -96 -30  71  -7  39  15  23 -87 -89  26 -80  36  13 -80 
 -3  71  14 -44 -17 -10  25 -89 -76  -8 -24   8   7 -77 -12  -7  38 -11  62   8  81   0 -76   3  12 -68 -69  29  67  41  46 -36  13 -39  19  93  50 -54 -97  73  35 -24 -18 -56  -2  67  36 -65 -43  -3  42 -63  96  63  40   7  95  68 -63  63   8  83 -74 -80 -55  45 -86  93  88 -86  67  24 -11 -51  65  87 -85   0 -79 -28  96  61   6  91  25 -55  -3  21 -86  34 -16  19  16   9  38  58 -47  49  52 -58 
 62  19  64 -47  65  30 -61  79 -68 -43 -48 -73 -81  58 -82  44 -98  14 -36 -86 -53  47  32  62 -44 -28  20   8 -80 -29  50  82  89  13 -66  55 -56 -30  36 -27  26  85  -2  45  42  15 -12  44 -70  51  57 -23   0 -12 -62  55  59  57 -38  77 -70 -89  60 -82  23  91  73  67 -38   8 -61  85  -8  36  29 -64 -48 -82  77 -18  69  35  56 -32 -76  93 -78  81  52 -17  57  79  -6  16  96 -82   8  68  82  67 
-23 -77  51  67  58 -18 -96 -90  -1  80  -9 -33  14 -54  34  35 -60  55  15  89 -62 -27  69  31  88  67  46  -5  34  28 -39 -89  48 -86  77   7  -5  80  14  91  59 -96 -40 -28 -51  91 -94 -11  48  21 -21  85  91 -52  15  79 -86 -40 -27  47  87  34  57  36  47  33 -57 -59  14  56 -69 -28  58 -10  41 -92 -17  47  -6 -70 -33  71 -86 -43 -80  26 -63 -69  85  10  77  72 -57  34   7  87 -32  49 -71  80 
  5 -41 -49 -38  47  92 -31 -71  40  61 -42 -92  33 -29 -36  50  94  -1  80  80 -92  56  51 -52 -11 -40 -64  55 -92 -38  36  10  20  86  71 -34  77 -60  -6  18 -98  51  23  34 -79  85 -17 -86 -17 -36  94 -10 -81  44  37   8 -95  70 -36 -87 -67  97  20  52  84  -7 -82  63  32  11 -20  31 -38 -97 -34 -20  87  48  -6 -29 -89 -13  58 -71 -68  -6  36 -65 -35  97 -55  -3  95  64 -52  79 -42 -37  41  87 
 74 -78  19 -65 -76  82  14 -90  29 -93 -20  39  -7 -63  68  23  28   3  57  92   2 -97 -12  -4  66  34 -24 -76  96 -82 -90  69 -60  29 -95 -39  12  17 -29 -59  23  48  79 -84  83  46  38  12 -49  -6   4  50  -4  91 -53 -39  24  23 -18  22  38  -8  -8  75 -78  -5 -62  31 -87   6  71  35 -47  50  50 -63  -3 -13  49  45  80 -48  -6 -25 -56  41  34  68 -37 -83 -11  98   8  80  75  27 -26 -88 -42 -14 
 17 -72 -77  67  77  70 -94 -26 -43  52 -80 -62 -95  14  11 -54 -46 -54 -87  14 -40   1  13  66 -19 -11  -6  54   0  49 -58 -84  77 -38  83  53 -69  86 -72 -13  37 -52  25  39  59 -65  82 -86 -22  95  27  37  -3 -61   4  75  28  96  29 -73  46  70 -57  22 -69 -75 -23 -39 -90   4  48  46  49 -28 -16   9   6 -33  20  81 -37 -54  19  58 -15 -77  34 -88 -80 -36 -62  63 -67 -22 -13 -39   0  61  22   9 
-34 -31 -46 -85  38  37  21 -57 -94 -57 -75 -34 -14  43 -75  68  65  57  79  82 -80 -83  47 -49  -6 -67  11  92  93 -68   2 -42  -2  56 -28 -63  -6  91 -21  -3 -67   3  63  18 -54  87 -12 -90  43 -34  92  63 -18  38 -85  74  70  23  67  64  55 -30 -79 -46 -75  -9 -11  17 -17  67 -85  15 -30  75 -66  13  64  19  22   6  85  13 -30 -32 -48 -18 -59 -77 -93 -91  84  59 -23 -93 -86   1  -3   2 -83  77 
-31 -68  -7  36 -92  26 -50  69 -55  71 -25 -69 -14  44  -4  35 -74  35  56 -68  43  41  90 -81  45 -97  18 -59   3  34 -81  71  63  11   8  69 -63  55  37 -19  27 -87   9 -88  55 -96  47  80  38   4 -89 -17 -56 -98  -1  87 -98 -82 -71   4  50 -52 -26  12  56  79 -18  92  35 -79 -28 -38 -67  80 -29  85  84 -83  66  23  18  76 -95  62  75   2  48  77  17  76 -20 -32 -77  54  80  79  32 -39  70 -33 
-19 -58  28  12 -79  96  -2 -94 -85 -36  27  32 -59  29  -7 -82 -68 -58  92  47 -82 -27 -84 -60 -74  93 -82  56 -44  86 -76  36 -71  49 -53 -51  46  43 -47  58 -92  77 -10 -52   7  80 -37  37 -78 -46 -15 -61  25  -2 -24  50  -7  -8   5  46 -21  28 -19   7 -24  28  55 -78 -28 -91  77 -23  85 -32  22  -8 -50  85 -72 -29 -62  10   7  62 -91  80  12  -1 -27 -82 -54  51  44  27 -41 -81 -46 -86 -60  23 
-78 -81 -99 -93 -16  22  -2  33   6  23 -97  42 -66   7   5 -60 -11 -82  39  61 -66  82  14  77   8  70  93  59  83 -65 -17 -95 -49 -19 -89  34 -97   6 -31   6 -72 -31 -51 -39  76  52   0 -36  69 -62 -74 -98 -78  37  76  27   9  71 -12  -9 -95  68  -5 -45 -49   3  88 -49 -92 -44  56 -65  23 -95  -5   0  56  93  61  24 -68  86  26 -49  23   1  78 -69 -27 -35  19 -23 -66 -84  31 -18  16  19  32  24 
 74 -12  58  -2 -10 -47  95 -53 -53  55  68 -24  41  -7  27 -35  94   4  -7 -34  66 -87  43 -99 -72 -27 -17  42  91 -86 -33  65  -1 -76 -38  88 -24 -43 -66  20 -87 -98  94  53  -6  22 -83 -13 -75   9  53  90  22  -5  88  47  65 -30 -10  56 -18  54  22  80  78  81  68 -47 -63 -99  71 -50  98  66 -98  -8 -13 -81  78  11  27  30   0 -52 -74 -11  95  89  59 -16  46 -58 -60 -33 -79 -81 -51  88 -31 -14 

