100 x 100

<1>
-79  26  45   8 -75 -41 -43  87 -85 -61 -63 -31  69 -59  54 -60  70 -78  75 -55  71 -55  71 -29  63  12 -81  73 -82 -29 -83 -63  96  59  42 -79 -81 -99 -93 -67 -61 -57   1 -93 -17 -45 -56 -47 -26 -79  -5 -54 -37 -32  17 -73  79  33 -99  94 -95 -85 -70 -98  73  72 -80  89  72 -73 -77 -90 -31  22 -84  50  74 -43 -96 -51 -23  -4  -8  39  63 -90  65  41  42  64  35  44  76  64  44  51  35  63  41   8 
 89  62  15 -42 -15  28 -91 -42  85 -90   6 -37   5  97 -98 -32 -93  64 -90  46  29  42  -8   7   8 -63 -43 -56 -99  97  50  90  58 -36 -51 -56  92 -45  -1  78 -38 -94 -60  66 -97 -59 -67 -93 -93 -59  52  33  82 -57 -61 -11 -21  -7  31 -22 -10 -20 -33 -51  43  13  -9  34  67  89  13 -70  95  51  93  95  89 -72 -97  93 -34  52  26 -51  95  64  38 -27 -43 -32  50  46  47 -82  94 -11  28 -14 -75  -4 
-23  35  23 -29 -13  16 -35 -24  41 -35 -30 -92 -82  93 -46 -88  59  89 -15 -85 -42 -64  60 -96 -48  55  -7  79 -59  17 -25  17 -47  95  85  38  12 -49 -85 -48  15 -18 -41  30 -23  13  42 -65   3 -72 -51  59 -39 -90  62  12  62 -44  -9 -96  72  65  20 -75  59   4  62 -29  54  76  22 -32 -43  81  98  33  -7  41  67  93  66 -85  51 -72 -76  15  38  86  68 -70  87  42  92   9  64  52 -88  27 -76  64 
  2  46 -67  58  26 -70  -9 -82  70 -43 -88  35 -28  63  63  -7 -23   2 -22 -54  29 -33  85  22  73  50 -27  84 -24  -3  49  77 -58  80  35  65 -89 -75  82  79 -19  91  15  50  55 -23 -57 -69  78  18 -23   6  84 -39 -71  56 -87   2  40 -12  96 -12 -35 -63 -31  97 -97 -20 -77  84 -42   1  76  72 -49  31 -51  -7  61 -72 -90 -63  32  94  -2  60  49   8 -39 -10  93 -44  78 -41  -8 -54 -43  -6  23 -23 
-23  80  76 -45  52 -72  83 -98  18  43 -73  27  80  58  20 -23  18 -29  84  76  58  76 -68  35 -63  23  79  -9 -83   3  66  -9 -17  43  43 -66  70  27 -65 -11 -30 -41 -85 -51 -83  35  25  34 -95   8   9  60 -15  40  -5  19 -37 -25 -88 -23  75  75  67 -41  19  10  -8 -12 -62  24  74   5  83  88  53 -99  22 -21  32  24  84 -58 -14 -31  80  78  87 -58 -46  96  18 -70  72 -16 -13  -8  93  78  77 -69 
  2  52  35 -14  42 -10 -16 -35  66 -85  87  50 -46 -26 -80 -65 -47 -92 -24   4 -96  91  31  75 -23 -81 -33 -29  95 -55  -1  -2  97 -64  83  38  23 -34 -98 -12 -20  88 -61  33 -39 -42  66  11 -36 -59 -86 -35 -66  45 -61   8  63   3  76  59  46 -23 -42  42  10 -60 -19 -66   3 -18  21  82 -30  58  15  28 -83 -20 -59 -22  20 -46  42  51  98  81 -40  61 -15 -62  21 -68  12  77  73 -77 -82 -47 -46  21 
 33  72   2 -98  31 -84  29  46  -5  67 -75 -85 -77  65  65 -80  45 -75  78 -71 -40  -1 -41  69 -23 -69  91  -8 -16 -56 -86 -84 -83  14 -83  48  29  45  -5 -76  14  17 -64  34 -17  98  51 -71 -76  31 -44 -19 -71  14 -49   5  44 -59  96 -73 -16 -90 -58   1  21 -42 -50 -51 -97  44 -28  14 -38   7 -51  43   7  97  69  28  27 -74 -89  55  39 -41 -39 -15   0 -43   9  83 -36  51 -17  84 -92  32 -66 -90 
-25   4  23  35 -88  69 -23  16  66 -53 -54  -8 -27 -46 -51 -89  10   7  -7 -89  61 -96  92 -74  54 -26 -89  59 -94 -57  69 -20  46  -9 -86  55 -40 -10 -27 -75  35  16  16 -93  67  64 -83 -22 -29  10 -13 -67  13 -22 -43 -34  51 -33 -74  56   7  92 -64 -46 -17 -53 -89  40  35 -19  64 -29  96 -19 -25  64 -55  -9 -59  13 -98  27  43  12 -96 -99  75  53 -32 -99  10  72  92  43 -72 -26  88 -64 -85  24 
 16  76  92  13 -43 -32 -24  -1  56  16 -87  56 -57  55 -31 -56  56 -54  96 -77 -54   6  94 -63 -50 -79  11 -63 -44  23  60  71   1  51 -17  57 -82  58 -43  74 -26 -33  31  14 -77  97  55  76 -58  53  96 -15 -40  92  22   7 -88 -68  44 -32  54   3 -62 -46 -44  21 -90 -29 -22 -34 -54  49  30  74 -38  51  73 -81  28 -86  71  26  -1 -70  17 -80  36  28 -49 -21  95 -96  82 -65 -44 -63  53 -35   7 -68 
 29  51  81 -40  24 -58 -88  -4 -40  38  10 -68 -35 -90 -39  79 -73  95   8 -23 -25   3 -22 -44  35  33  -8 -11  96  97  18  26  47  -2  83 -28  40  95  66 -99  32 -23 -69  96 -16 -11  76  10 -15 -17  84  58  85 -39 -87  19  92   3 -91  89   1  25  14 -53 -76  -2  16  63  -8 -17  62 -75  57  92 -80 -60 -18  93  47  65 -22  30  22 -38  91  34  79  82 -62  87  70  36  13 -15  82  35  80   0  -1 -26 
 80 -40  -4  39 -47  16  78  33   8  27  -3  83 -42 -80 -53 -52  51 -75 -69  87 -87  98  24  24 -16   6 -42 -34 -95  54  37  84 -84 -66  24 -32  47   2  98 -43 -72  -4 -59 -17  13 -15  29 -34   9  57 -48  20  57  75 -57 -58 -20   0   5 -16 -45 -59 -30 -32 -25  91  36 -79  -8  33 -25  19 -69  16 -98  41  98  30 -94   7 -12 -43 -74 -56 -68 -32 -16  11  65  88  95 -81 -69 -36 -13   3 -46 -78  21  46 
 54  96 -36  82  11 -35  23  10  92  28 -84 -18  83 -59  23 -84   6 -92  24 -28  94  20 -11 -74  81  75  26 -63  94 -52  82  49 -57 -53  31  53  10 -45 -35   3  82 -22  82  64  19   7  79 -74  14   5  -4   7 -76  84  32 -93  58 -43 -59  53   3 -76   1  45 -32 -69  -2  75 -15  62 -20 -33 -59 -39 -68  57  67 -89  81 -19  15 -22  87  36 -39  19  40 -82  73  80  68 -25 -97 -32 -80 -29  -1  17 -53  83 
-22  24 -51  16  85 -21 -25  51 -11 -43 -69 -97  32 -82  38  90  34 -20 -93   8 -39  74  81 -36 -59 -98  32  39  18  76  22  95   0  68  10 -14 -52  84 -64  36 -60 -35  38  69 -18 -24  58 -85  55  64  22 -85  37   2 -24  76   3 -91  16 -80  83 -61 -86 -16 -93  24  67 -46   7 -96  88  45 -34  25  15  47 -98 -27  61  54 -64 -17  69  71  84 -54  48 -13 -47 -35   4 -63   2  18  20   8 -59 -12  59  47 
-11  48  -9  55 -25 -92   1 -26 -20 -36 -70  15  44  96 -13  27 -59 -66 -87  -7  -1  17  27  98 -66 -52   5 -28  33 -35 -80 -76 -85  11  76 -13  16 -22  60  93  39  87   7 -16  82  92 -89 -75 -73 -77  15  25  37 -56  22  68 -11 -72 -59 -76  -7 -41 -55   5  67 -78  91 -16  -1  50 -24 -60  37  82  21  20  75  29  42 -98  52 -41  26 -12   0 -52 -42  88 -25  -2 -87  65  56 -43 -29  24 -22 -39 -93  75 
-87 -18 -84  47 -36  34 -32 -60 -35 -90 -59 -84 -32  65   3  67 -86  58  56 -14 -42  67 -47 -87 -77  23  37  -1  84  41 -25  94 -75 -12  40 -12 -79 -93  25 -15 -84  64   0 -19  28 -97 -51  39  60 -95 -74 -83  69 -22 -70  91 -99  64  -9  82   6  63  75  28 -50  16 -85 -29  22  40  55  36   5 -45 -82 -68 -45 -35  70 -84 -31  95 -69 -63 -27 -42 -73 -29 -77  16 -46  26 -20 -72 -44  30  43 -32 -98 -36 
-91  54 -99  11 -90 -81  42 -36 -17  13 -22  49   8   6  85  80  63 -89 -48  83  26   3   8 -92  30  61  35 -26 -69  34  35 -61 -11  36  48  -3  54  -9  58 -64 -96 -65  84  11  40  68 -10   2  78  39 -14   6 -57  94  11  70  56 -55 -57  86  78  77 -75 -34  14  72  60 -33 -38  20   0 -35  54 -17  73  -6 -48 -38  95 -70 -98 -17  33 -58 -24 -57 -87 -69 -13 -45 -81 -36 -66 -59  27  45 -86 -11 -88 -27 
-92  11  36  59  94  10 -46 -55  70 -49 -28  69  31 -94 -89 -94 -52 -77 -64  32 -24 -48  93   7  -8  20 -49   3 -90 -38  76 -85  71  13  73  64 -78 -71 -92  89 -23 -20  60 -91 -15  70 -88  31  90 -53 -38 -33  -3 -45  71  88  74 -76  -9  81 -17 -32  95 -45  78  69 -82 -99  95 -74  90 -27   5  49 -21  87  20 -12  19  11  35  79  76 -69 -65  48 -80 -90  71   8  90 -44  75  84   8  52  52  26  53  49 
 51  42 -79 -43  -8  -2 -55 -89  85  62  19  19  42  -4  49  74 -56  67  83 -86 -24  72 -31 -49  55  75 -96   8   2  54 -44 -48  -5 -25   6  84  72  50  94  56  11  15 -25 -48 -90 -77 -73 -47  89 -89 -33 -35  80  33  13  36   7  14 -56 -92 -32  -1 -41  62  71  64  46  42  14  41   0 -76 -45  72 -24 -37  94   2  13  83  11  79 -53  -8  12  57 -72 -82 -28 -29 -74  37  67 -16  -1  40 -52 -54 -17  61 
 84  80  84 -59  53 -41   1  47  61 -85  31 -29  92  75  60   3  33  87  20 -96 -43  45  41 -76 -69 -59  61 -24 -16 -55 -64 -31 -75 -81   7  77 -22 -91  23 -60 -76 -45  10 -83 -69 -31  19  61 -42 -60  65  12  83   7  35 -87  45  -3 -12 -70  40  23  -2  64  41 -93  40 -80 -87 -37 -43 -64  17  64 -50  46 -65  66   8 -10 -94 -26 -99  88  78  34 -98  24 -70 -11  53  69 -89 -49  32  49 -43 -28  69 -31 
 34 -75   3 -50  87  50  93 -79  18   3  10  23  74   8  12  54 -57  11 -21 -27  97 -68 -59 -91 -18  73  55  36 -56  23 -96  75  48   6 -74  34 -44 -79  54  73  21 -35  -5  -6  72 -94 -51 -85  16  26 -13  14  55  27  20 -62  -1 -24  73  42  97  74  16  46 -20  42 -19  35  60 -64   7 -20  -2 -97  73 -31 -92 -78 -17  23  45  67 -64   1  -4  53  36  92 -72   8  34 -74 -17 -49  69  62  90 -51  -4  51 
-18 -96 -70  79 -94 -97 -52 -87 -76  28  33  66  -5  66 -32  90  20 -97  81  46  10  16  69  90  67  40  54  58  88 -49   9 -28 -47  38 -50 -42  40  -5 -31  61 -77 -97  28  17  69  93   6 -12  93 -12 -67   4 -94 -96  -4  72  41 -51  31  30  -3 -61 -99  49  77 -51 -91  16  43 -23 -23  65 -23 -96 -17 -55  97  88  31  89 -22  63  -5 -19  64  88 -46   6 -64  82 -64  32 -77 -66 -19  97 -18 -13  12 -73 
 61  88  91 -61  92 -26 -18  88 -39 -86  78  38  74 -28 -80  40 -41 -29 -55  -6 -47 -20 -74 -27  12   6 -29  93  92  80 -79  54  68 -88  90  59 -17 -27  46  43 -14  23 -19 -38  95  -2 -99 -47  69 -55  47 -79  23  72  -7 -64 -23  61 -70 -30  42 -51 -77  11 -42 -86 -31  40 -13 -84 -16  70  39  64 -67  33 -36 -69  85 -68 -26  31 -48  96   4  44 -69  78   6 -42 -53 -53   4 -31  56  61 -17 -74   2  67 
-58  86  38  80  49  69  12 -88 -99  -2 -57 -26 -69  -8 -31  32 -65  -3  12  40  53  58  85 -42 -73  42 -79   7  65  22 -25 -92   7 -88  85 -42  80  -2 -33  79  94  10 -48 -74 -99  19  55 -64 -83 -34  73  69 -76  59 -71 -50   0 -53  56 -33  68 -70 -28 -25 -59 -41  30 -79  54  96  97  47   5 -50  72   6  66  27  39  83  92  13  51 -83 -26  77 -36  73 -75 -79 -59  91 -52  13 -33 -13  69  94   7  22 
 91   3 -29  -4  52 -58 -97  18  68  41   2  60 -47 -48  74  26 -71 -60  -1 -47 -42  37 -57   6 -51   7  90 -83   2  -2  39  -7  98 -91  88  49 -50  90 -32 -82  30  67  75  82 -79  50   8 -51  87 -92  -1 -53  42  40  50  91 -52  41 -91  48 -62  45 -58 -63  53 -69  85 -97 -80 -45 -82  49 -77  92  30 -59  41 -63 -13  30 -58  84  76  84  25  27  76  70 -33  82  19   4  29  58  38 -19  88  24 -17 -91 
 76   0  55  97  -9 -15 -61 -66  21  26  63  63   9  38  46 -65 -36  21 -96  30   4  21 -67 -68 -20  70  11 -32  -7  93 -26 -29  -7 -69 -31  83  13   7 -84 -67 -68  78  95  40  17  42  72  80 -36  74   9  66  -4  41  95  73  12   7 -58 -93   0  16 -25  92  44  43  74 -44 -51  90 -12 -21  67 -17 -82 -16 -76  88 -35 -14  63  72 -47 -40  14 -53 -66 -72  54 -26 -68 -45  89   6 -54  32 -52 -79  87  -6 
-90 -24  72  75  58  90 -40  82  77  22 -33  41  -5  19  98 -89  65 -69 -64  18   4 -35  72  -8  68 -81 -75 -83 -62 -87  10 -55 -13 -18 -79 -56 -29 -20 -73 -51 -96  -7  89  -4 -89  88   6  74 -80  39  -7  22 -95 -35 -85  72 -19 -60  86  16 -50  -2  61  34  79  79  78 -49 -39 -96  -1 -38  -5 -13  55   3 -24 -37 -22  -7 -99  69 -84 -94 -67 -71  75  13 -34  63 -71  15 -38  89 -51 -60  67 -72 -12 -73 
-69  84 -14  23 -28 -57 -72  45   3   5 -61   3 -27 -47   8   5 -19 -17 -82  46 -53 -54 -40   6 -66   6  45 -98  33 -68 -73  62 -83  12 -14 -14  54  13 -68 -42 -82 -32  61 -10  18 -32  93  96  50 -90  41  94 -47 -99   1 -16   6 -55 -17 -59 -24   9 -96 -10 -77 -13  73  76 -98 -94 -66 -81 -28  94   6  87 -39  -2  85 -89   5  25 -94  57  25   7 -60 -67  49  23 -29 -73 -69 -28  14 -47  58 -11 -71  57 
 -8 -38  73  61 -45 -21  50  13  74  34  23 -19 -42  27 -63  83 -67 -23 -85  81  97 -17 -93 -71  54  21 -20  11 -91   6 -30   0  65 -58 -39 -81  20 -90  31  -4  41 -46  74  98  80 -88  80 -86 -14  94  92 -16 -22 -99  11 -69  21  88  42  27  -5 -89 -72 -39 -48 -12 -21  70  -5 -89 -35 -63 -38 -60 -63 -57 -49 -82 -46  35 -88 -52 -82 -13 -52  28  18  66  17 -41  -6 -87 -31  19 -29  18 -93  49 -11   1 
 58  53  38 -79  90  72 -38 -59  89  15  75  98  60  92 -13 -93  20 -94  72 -64 -36 -35 -53  30  82  17 -51  88 -32  36 -10 -75 -12 -73 -55 -20  98   6  20  87 -79  -6  86  78 -13 -28  85 -94 -23  56 -58  38 -77 -12 -33 -94 -94  16  91 -29 -49 -20  -5  36   7  40 -85   4 -55  34 -10 -37 -73 -24 -57  14  47 -71  19 -76  84  58  61 -94 -53 -70 -91 -49  43 -99  21  91 -19 -82  28  85  55  43 -10  97 
-24  78 -38   3 -45   4 -84 -97  30  32 -76  15  -8  85  19  36 -86  27  86  54  28   9  46 -92  24 -25  90 -22 -83 -19 -24  -9 -42  35  93  12 -60 -92  13  67  39  36 -16 -70  20 -96  66  33  28  53 -12 -45 -39 -67 -40  82   6 -49 -39  22  30  35 -86  87 -29 -94  -1   9 -89 -89 -23  50  46  58  77 -34  59  44  96 -11  -3 -16  41  57  16 -97  41 -77 -47 -99  43  82  35  54  69 -94  58 -31  14  68 
-21  88  17 -76  46  -4 -11   6 -59 -15  92  35  68  35  -6 -15  35 -66   6  87 -66 -50  69  67 -97  39  72  60 -93 -15  30 -15 -28 -52   8 -81  43  95  25  82 -19  16  18 -52 -50 -89  30  84 -58 -63  71 -24 -16  41 -58 -15 -21 -85 -54 -15  -3  75  67  68 -77 -24  87  63 -30  11  44  48 -72 -36  95 -22 -28  27 -39  14  61 -67  87 -55  71 -70  29 -51 -58  74  33  38  49   1   7  69  75  -7  33 -56 
-95 -21  92 -69  40  86   6 -87  14  64  24 -25  97  10  19  67  37 -51 -82  78 -78  48  17  70 -51 -76  40 -77  14 -27 -34  17  51 -41  45  -8 -53 -48   2  58 -83 -74 -66 -87  35  50  80 -26  98  95 -49 -80  42  66  87  90  89  27 -86   2 -99 -20 -80  51  36  64 -58  80 -85  43  40 -68  66  71 -58   3  23 -79  74  20 -83 -74  39  57  91  26  48  79 -46  62 -19 -46 -59   0 -96  76 -36 -55  56 -22 
 85  -3   7  53 -33  49 -45  87  69 -72   7  84 -49 -55  40 -58  70 -11 -80 -75 -50   0 -24 -12 -98 -21 -36 -37  21 -79  40   8  15 -51 -40  81  95  12  68  63  37 -24  46  87  20 -13 -70  -8  76 -50  16 -75  47  92  13  46 -30  76 -90  91  96  50  -2  12  96  57  -8  92 -32 -39  56 -94  36   4  92 -42  90 -78  49  65 -31 -36  90 -83 -45   4  63  25 -19  72  15 -22  21 -86  87  18  68 -20  11 -63 
 41 -33 -58 -22  68 -67  33  59 -48 -19  24  20  43  15  37  97 -82   1  21  -2 -28 -65  73  93 -52  61  10 -83 -60 -79 -49  80 -13  -8 -42 -46  23  90 -86  74 -29  35  -4 -85 -49 -68 -89 -34  30  32  63 -97  64  35  93 -86  -5   3 -72  35  23 -21  16 -91  68  71 -38  -8  61 -27 -34 -67 -90  61 -53 -42  90 -43  24  21  86 -14  21  52 -77  14  63  17 -82  90 -47  40 -30  67  46 -60  39 -91  31   1 
-19  94  31 -12  56  77  46  45 -66 -31 -33 -79  52  86  70  74   1  34  -9  16  26  41 -45  95   7 -98 -66 -52 -90  65  46 -12  58 -21  74  16 -45  19 -40 -12  87  27   7  40  14 -22  14 -86 -88 -96  29  37  44  83  31 -49  84  65  -4  91  29 -57 -22 -12  19 -47 -97  72  71 -37 -41  57  87  65  -3   0 -57 -88  11 -46 -87 -59  88  54 -77  18 -94 -94 -18   1  96 -88  42 -27  -2 -38  26  -2 -67  -4 
 58  -8 -45  46 -42  51 -55  -2  60  55  49  72  95  36  27 -83 -44  33 -78  37 -67 -81  47  74 -10 -56 -64 -83  41 -32  10   1  59  64 -54 -83  14  -9  14 -25 -53 -37 -52 -58  98  73 -42 -45   5 -20  90  37  -4  38  13  85  79  46 -99  21 -85  11 -79  72 -24 -33  86  90  57   1 -36 -97  63  12 -56  63 -16   2 -83  88  81 -92  24 -24  43 -64 -37  23  81 -37 -56  94  73 -36  67 -51  30  52 -62 -14 
-46   1 -11 -83 -88  32  77  -5 -67  91 -18 -87 -99 -92 -11  41 -57  49 -36 -74 -87   7 -81  84  68  83 -66  -2  36 -29  83  87  69 -27 -95  81 -95  79 -23 -65  72  59 -52  70  66  36  12 -92 -16  75 -67  -4 -19 -51 -19 -49 -67  12  48  68  80  30  57  51 -97  59  33 -93  40 -91 -61  13  67 -14 -18  32 -79  93  40   4  68  70  98 -52 -79 -22  -4 -49  90 -55 -79  71  75  77  21  75  37 -45  79 -24 
-36 -81  86 -70   5 -31  60  23 -38  -1 -71 -71 -32 -72 -24 -12   5  72  37  -6 -84  57 -35  88  33  85  64 -31 -60  44  45   1  63  32  28 -33 -99 -11  89 -38  87 -83 -12 -45 -56  61  40  47  32 -22 -60  48 -64   4  35  68 -11  -1 -61  28 -56  81 -70 -94  14  55 -30  12 -54 -39  73 -68 -23 -40 -14  19 -77 -72 -35  54   5   4   3  39 -92 -62   6  -4  36  44 -77  79  26 -50  83 -60 -94 -46  51 -51 
 12  24 -19  87  83  64   5 -93  89  67  61  -6 -30 -37 -66 -23   0  39  70 -63 -17  92 -84 -92 -59  96 -55 -53 -51  94  -5  61  19  73  47   1  39 -47   8  27 -81 -32 -78 -12  28 -47  63 -70  90  34 -36 -26  26 -23 -21  66 -26  24 -86  23  17   7 -17 -63 -19 -69  37 -81 -19 -56  46  -1   9  65  84 -61 -80  48 -32 -89 -16  29 -18 -91 -92  58  74 -19 -19  86 -97  97  -6 -17 -65  74  13  70  91  91 
-87  38 -11  22   4 -25  60  21 -76 -73  31   5  55 -88  13  60  70 -13 -59 -50 -26 -57 -51  65  26 -19  38 -62 -48  30 -71 -37 -31  17  84  71  89  43  -7 -87  67 -76  17  21 -65 -68 -17 -96  18  23 -48  89  63   0  55 -12  80  -6  26 -68 -74  52  -8  -8 -32 -23 -36 -41 -81  55 -29  85  78  85   7 -88 -84  89 -86  33  11 -35  21 -24  62 -23  63  41  69 -12  72  92 -61 -37 -15   7  37  47  63  55 
  3 -67  39 -20 -81 -52  -9 -65 -64   2  65  45  64 -14 -78  27  62  82 -30  30 -28 -59  23   8   4 -90 -84 -58  54  76  97 -44 -90  35  35 -73  82 -75 -41 -82  27 -77  62  -8   8  81 -81 -30  64 -12 -99 -65  26  24  43 -69  31  56 -27 -14  34 -31  41  41 -97 -25  67  83  -1 -75 -98 -75 -52  61  15  55  41  33 -74   4 -80 -73  39  45  48 -19  74 -20 -62 -52  63  69  14   3  12  16  77 -22   0 -25 
  3  -1   0  50 -41 -86   4 -99  46  30   5  63  56 -57   9   5  23 -16  82  58  29  46  27 -58 -52 -62  56 -76  15 -45  -2 -83  54  95  64 -86 -90 -30 -87  55 -99  17  17  54  59 -72 -42 -19   9 -61 -62 -62  82  64 -21 -69 -97 -64 -46  16  -9  51  30 -56  48  -4 -45  57  65 -33  12  63  83 -70  16  41 -45  73 -79  62 -87 -41 -99  92 -76 -23 -76 -75  11 -25  38 -99 -73 -31 -58  72  64  -4  29  28 
 63 -60 -10  45 -33 -93 -14  20  77   6 -17  87  64 -19  80  86  55 -97 -90 -33 -23  47 -35   4 -83   6 -25  79 -96 -97   6  64 -60  96   8   7 -98  93 -74  79   1   6  65 -36  86  47 -51  40  49 -44 -93 -72 -96 -29  29 -81  77 -97  95  78 -94   2  41 -55  -1 -50  49  -1 -57  74 -21  41 -19 -57 -94 -34  89 -47 -92  38   8 -86  63  10 -18  -9  28 -42  -7  24 -65  -4 -75  75  39  22 -73 -13 -78 -31 
-37  -2 -91  41  40 -86 -93  31 -36 -88 -32  72 -77 -68 -17   4  22 -90  62 -86  31  96  10  55  71 -52 -24  95  34  -3 -37  94  94 -29  37  36 -18  41 -34  46  52  31  17  74  62  97 -23 -17 -92 -62  -6  36 -66 -95 -10 -94 -48  66 -98  84 -36 -36  79 -42  34  17  93 -85 -43 -42  60 -90  88 -22  81  49 -26 -42 -69 -21  -5  24 -84  28  29   6  31  78 -29  30  61  34  93  42  91  26 -42  83  41  15 
-60   0  24 -71  76   5  75 -49  62 -93  30 -44  31  43  84 -41 -50  14 -64  20 -54  97 -46 -62  40 -56  64  97 -73   4  13 -34 -95 -63  -7  80  39 -33 -69   2 -26  60  57 -94   4  40 -38  52 -44  -3 -29  -1  -5  22  36 -66  66  -1 -67  90 -96  43 -45 -93  79  45  84  19 -86 -84 -80 -13  73  77 -10 -23  16  51 -70  69 -51  -2 -31  42 -78 -93  75  85   5 -91  76   7  50 -70  13  30  75  -4 -51  88 
 10 -32 -24 -16 -56  63  60  58  15  87  28  61 -15  95   2   6 -97 -21  -8   5 -15 -33 -89 -64  -4  21  64 -30 -81 -86 -41  28 -21  32 -89  23  -4  69 -18 -90  55 -91  69 -59 -95 -28  46 -95  48 -63   8 -65   1  18 -32  95 -59 -67 -34 -43 -56  23  82  23 -44  90 -55  50  60  24  57  15  32  27  55  35  97   1  39  46  35 -52  80 -64  64 -52 -68 -94 -22  -5 -40  22 -81 -57 -56 -27 -68 -14 -76  90 
-91  78   6  40   7 -38 -26   5  60 -85 -48  -5 -40 -68  30 -75 -23  61 -72  54 -43 -13 -25 -26  27  18  46  59 -97  67  48 -89  46 -45  49 -48  14 -76  54 -24 -64 -92  70  -4 -63  -1  20  13 -39  46 -32  15 -66  43  88  59 -40  33  17 -39   1 -34 -29 -53  20 -79  -2 -67 -57 -46   6 -22 -41 -23  71  -7  75  -9 -93 -65 -62 -28  48 -31 -86  35 -71 -28 -30  43  32  68 -90 -96 -86  27 -77  12  60 -37 
 63 -33  40 -79  42  11  13  16 -97  17  51 -62  86   0   6 -98 -64  33 -27   3 -23 -94 -29 -13 -93 -16 -85 -73  93  72 -11  55 -59 -71  75  82  39 -13  -1  39 -97 -49  76  89  48 -19  88  82 -85 -40 -14  -8 -37  54  76 -31 -60  88  -4 -66  62  82  89 -96 -88  63  85  50 -48 -17 -10 -46  34 -35 -58 -19  46 -69 -38  60 -12  46 -49  50   1 -74 -81  40 -84  14  74  75  -5  64  76   7  28  60 -44  77 
-56  46 -69  75 -90 -30 -42  55   1  19  17  86 -34  65  38  67  91  56   6 -94 -31 -19  80  63 -56  55 -29  70  16  25  48  57 -28  76  34 -21 -52  89 -64  46   7  52  33  71  16 -28  37   8 -73 -56  13  -5  23  -8 -40  66 -54  28  35  61 -46 -17  20  23 -40 -47 -96   7 -57 -63 -48  49  88  85  19   3 -44 -43 -87 -17   1  23  77 -77 -85 -64  88 -40  62  25 -79 -85 -91  40  36 -34  90  37  73 -66 
 73 -74  80  60 -90   1 -36 -34  55 -24  48 -45  97  24 -23 -87  58 -35 -28  21  89  -8  33  95 -69 -30 -38 -78 -92 -66 -47  80 -42 -67  41 -35  31 -93  30 -13 -20 -23  40 -24 -99 -82 -12  58 -18  58 -22 -30 -51 -88 -36 -22 -18  26  -3 -13  57  48 -31 -86  80 -91 -21  12 -87 -92  96  -9 -17  35  66 -17  53 -44 -60 -66 -87  17   4 -41  28  67  36 -91  -8 -65  -4 -51  82  62 -40  61  70  38 -28  81 
 44 -33 -27 -72 -96 -60  10  56  -7  49  87   3 -35  -8  62  90 -41  -1 -99  48  31  -6  94  12 -45 -44 -28 -76  91  43 -94  36 -88 -22  63 -85  16 -26  68 -92 -78  56  11 -14 -52 -28 -24   4  68 -26 -47  -1  67 -53 -88 -79   2 -18 -56  -6 -74 -50 -68 -65  25  94 -53 -60 -32 -86 -54 -11  70  56  73 -83 -73 -50  20  94  23  70  -6 -11 -82   4   9  19  85  50 -87 -90  97 -56 -55  24 -63 -11  61   4 
  3 -92  91 -28  61  63 -12  87 -88 -93  81  34  74 -24 -78  92  77  28  10  63 -21  22  71 -22  63 -83 -99 -98   3  59   3 -93  67  -7 -24  29 -43  61  16 -32  65  -2 -99  41  71 -80  34  50  47 -57  12 -74  63 -16   1  27  -2   1  26 -97 -41 -71 -93 -73  21 -19  54  78 -57 -31 -55 -90  66 -54  50  36 -35 -17 -13 -88  25  97 -63 -11 -18  35 -84  80 -65  41  80  -7  69  84  20 -10 -34 -27 -33   9 
 41  11  16   6  54 -33 -57 -81  47  28 -70 -29  26 -36  60 -93  98  73  86 -68  13  65  24 -18  51 -57  71 -84  15 -61  22 -45  47 -61  60   3   3 -97  21 -49  30  48  20 -45 -89 -19 -39 -92 -47 -53 -61  65 -89  60 -52  59 -95 -80  75  19 -44  -2  72 -95  35  33   5 -61  33 -75 -12 -38  72 -91  16  80 -13  75  87  37 -77 -75   3 -67  84  51  90  88  68  66   7 -74 -37 -20 -72  97 -88  32 -64  45 
 56  21 -92  27  27  22   8 -87  -2  -6  49  18  18 -47  48   1 -97  39  -9  71   6  95  94  67 -26 -79  65 -15  52  98 -69   7  18 -63 -67 -54  58  38 -44 -45 -67 -94  72  48 -43  21 -50 -41 -38  38 -71  65  32 -76  33 -93 -58  -2  -8  91  -5  20  -1 -85  54  29 -42  11 -32  14  65   0  19  38 -53  75 -41  -5 -64  20 -68 -38 -16  64 -14 -81  68  25  14 -41  18 -90  79 -82 -76  32  47 -18 -55 -86 
 93 -89  12  13  47  58 -12 -95 -48  23  24 -16  82 -91 -53 -33 -75 -86  92  38 -27  11  46 -47  26  69  82 -26 -50 -72 -14 -56 -63  97  55  81  56 -56  85 -92  64   8 -11  47  14  35 -84  39  48 -91 -24 -78  19 -77 -28 -54  90 -46  18 -61 -19 -95 -19  15 -99 -63  -5  56 -22 -19  61 -57  86 -49  87   2  85 -96 -58  33 -90  15  52  26  38 -76  70  27 -23 -13  65  55  -9 -53 -30 -11 -19  64 -54  58 
-55 -91  98 -68 -43  87  33 -56  90  72  74  98 -11  25  25 -74  48  -6  52 -76  80  16  77 -30  61 -52  58 -57 -89 -96 -99 -45 -90  98 -13 -34  86 -79   7  76  91 -18  75 -19 -91  -1   4  54  93 -45  76  74  70  54 -54  32 -99 -95  73 -89 -94  73 -34 -85  72  52 -19  60  70  87  37  62 -29  11 -58 -23 -91  43 -70 -97  97 -93  75  69  58 -80   0  58 -78 -26  69 -72 -52 -66 -58 -78  83  22  79  52 
 11  15  16  79 -73  55 -43 -65   0 -16 -64  -2  -9 -88 -34 -52 -71  66 -92 -50 -59  74 -23 -13 -93  19   6  89 -60 -14  42  50 -98 -43  30 -74 -88  84 -42   9 -30  -7 -94  58   2 -28 -95  28 -63 -90  78 -25  83 -44  61  87  72 -32  75 -88  51  17  61  50  71  -9  75  82 -26 -67 -10  41  23  -4  -2 -75  65   3  52 -97  12  31 -23  -5  85 -62 -17  56   3 -40  67 -44  74  28 -93  46 -80  80  28  -9 
-88 -81 -66  34  14  31  58 -20 -65  12 -20  47 -58  57 -59 -74  92  23  82  -4  80  48  49  55 -23  56   3  -6  35 -68  85  46 -52 -80 -21  62  48 -61 -59  83  48  21  29  87 -23  69 -85 -30  -9  94  63 -27  43  14 -71 -80 -31  29  13 -95  58  -1  48 -92  16 -72  67 -34 -36 -91 -50 -89  27  76  98 -97  46 -88 -30 -62 -93 -65   8  47  48  35  66 -82 -35 -19 -80 -75  79  65 -68  -5  90  98  60 -44 
-94 -91 -36  31  82 -37  33  29 -28 -95  64 -22 -61 -28 -73  84 -92  92 -99 -28 -28 -82  -6 -49  82  25  45  73  22   4 -72  26  12  -8 -42  -5  52  90 -77 -74  92  84   1 -68 -43  25 -85 -36  17 -85  34  88 -70 -71 -60 -87  52  84  84 -25 -11 -87  98  98   2 -43  -8 -46 -53  14 -23 -60  -2  77 -30  54   4 -16 -82 -78  -3  51 -91  26  79 -51  37  32 -66  22 -93  21  32 -94  18 -66 -37 -88 -13   7 
 25  63  46 -78  41 -83  76 -56   1  93 -37  95  45 -28  22  25  18 -42 -43  49  79 -37 -29  11 -32  89  44  28 -98 -68 -64  24  92  80  46  34  96  21  76  -4  13 -62  -8 -41   7 -86  81 -74 -29 -61  75 -50  -1 -53  58  65 -65   3  -8 -66  32  28  56  25   9   1 -42   4 -77 -65 -98  35 -29  -7  91  77   6  71 -95  75 -90  79 -76   8 -75  81 -28 -40 -15  64  -9 -84  -9 -52  40  97  48  97   2  68 
-68   3   2   2  94  -6 -22  -1 -35 -18 -25 -26 -38  -4  79 -15 -22 -47  44  60 -82 -66  75   8 -18  16   4 -71  13 -93  97  42   8   0 -57   3  92  20 -97 -42 -98 -24  31 -39  71   9  45 -49  61 -12 -88  76  22  85 -15 -95   0  88 -67 -88  93 -71  53   2  29  93 -94  22  13 -94  77  14 -19   9  74 -48 -81  21   2  78 -90  11  55  29  -3 -60  33  95 -73  64 -92 -79  92  59  22  20  53  25 -59 -33 
 29 -81  80 -89  25  54 -38  42 -26  61  21 -19 -28 -23 -88  66  14  44  62  41   7  68  61  -1  28 -17 -80 -18 -93 -39  47  35 -23  26  46 -96 -19 -93  45  54  66 -35 -63 -61  39 -54 -94 -45  87  66  95  -4  35  55  94 -36 -61 -87  43 -54 -29  -9  78  48 -81  25  49  -3  30  -5 -49  -5  57 -15  33  -3  30  36  49  18   3  45 -87 -63   0 -94  -2  38 -81 -57  81 -13  31  59 -64  47 -15  82 -54 -86 
-24  -4   8 -66  78 -60  29   9  74 -21 -74 -22 -74 -61  13  23 -56 -88 -40 -40 -48 -59  47  83 -99  80  31 -17  64  74  -3 -59 -31 -96 -27 -52 -58 -97  54 -83 -19  80  -8   4 -80 -94 -72 -39 -84 -12  21 -33  28 -33 -49  28 -52  80 -88 -89  55   6 -48 -74  10  22 -29  51  24 -73  67 -94 -92 -40  10 -75 -36  37 -15 -21 -76 -95  45  51 -29  94 -22  17  75 -10  27  31  95  76  54   4  -1 -73 -46 -78 
-47 -80 -72 -42 -22  37 -20  39 -27  64 -81  -3  67  61 -53 -63  56  25  53  32 -84 -20 -37 -90 -45 -84  12  52 -58  63  73  -8  81  98  47 -40  36 -72  98 -91  90 -84   3  58  76  49  92  34 -25  45 -35 -12 -74  25  -4 -22  41 -93 -71  80  69 -96 -28  49 -97 -80 -92  37 -52 -93  43 -63 -80 -53  94  96  95  87  29 -28  33  91  57  56  18 -46 -66 -40 -40 -38 -59 -71 -37  12  77 -36  30  85 -98  75 
 89  44 -87 -91  90 -94 -94  84  90  32 -43  23  24 -86 -22 -57 -33  11   0  25  73  39  51 -65 -48  29  -2  79  13  -3  55   2 -60  67  10 -71  70  15 -85  62 -54 -31 -14  69 -18  63 -88  49 -26  11 -27 -54 -49 -75 -20   1  51  78 -19 -34 -26 -64  67  14 -98 -22  42  72  90  56  35 -63 -73 -80 -95   6  82 -86 -44 -43  25  26   0  73  50  80 -27   3  57  52  68 -68  87  34  43  86 -87 -15  59 -98 
-58  -5 -64 -34  14 -60  72  -4 -46 -73  50  76  53 -48  48   2 -69 -79 -94  87  72  71 -82  58   6  59  45  16 -55   6  15 -16  98  50  50  12  90  21 -93 -57  45  54 -82  -1 -95  65 -99 -65  85 -94 -79  56  75 -63  13 -20  95 -40  94 -59  63  10  24  60 -38 -27 -27 -47  91 -23  -7  38 -67  10 -64 -63 -26 -64 -30 -39 -58 -12 -84 -84  24  29  -5  18  86 -10  56  50 -98 -20  11 -37  52  82  13  45 
-40 -93 -16 -10  14  17  25  87  53  92 -53  92 -19 -37 -91 -95  89   3  20  76  93 -22  25  92  57 -65 -44   8 -82  66 -46 -24  70  35  63 -15 -46 -13 -27 -94 -20  20  97  61  82 -93  63  72   9 -16  47   1  59 -27  -8  15   7  45 -75  23  12 -24  96 -17 -89  58  67 -38 -53 -60 -33  26  59 -35 -14  40 -29 -52  11  77  30 -41 -22 -10  29  69 -93 -65  14 -71  55 -73   4  52   8  14  10 -24  75  56 
 13 -57 -19 -27   5  67 -86  73 -86  24  50  43  80 -73 -67  10  93 -61  43   8 -33  -1  35  68 -49 -58 -16  60  17 -42  17 -68  -1  95   2 -95  63  14  76  75 -61  27  19 -81  53  51  26  47  87 -30 -43 -47  69  89 -77 -79 -68   4  80  46  61  -4  75 -39  -8 -21 -36 -45  92 -59 -69 -70  65  47 -54  19   0  72 -35 -14 -57  21  39 -89   9  59 -69  38 -36 -90 -14 -76   5 -40 -17  95  36  46 -49  27 
 84 -21  57  50 -73 -98 -32  24  73  32 -88 -84 -47  48 -74  61   8 -43   1  71 -36  84  94  69 -55 -24  65  81 -77 -85   7 -94  -9 -37  55  15 -35 -76 -59 -61  54 -50 -48 -92  97 -22  68   4  32 -32 -26  95 -49 -33  63  -4  43  27 -24  63  41  82  69 -67 -53  23  48   9  45  86  45   0 -65  97   7 -69 -26 -26  34 -93  40 -91 -99  90 -27  64 -15 -83  -8  58  80 -67  42  48 -37  86 -28 -90  -6 -84 
 93 -60  15 -71 -62 -79 -41   9  -7  90  13 -66  98  14 -77 -27 -23   8 -13  66 -33 -32  96 -92 -83 -39  91 -13 -32 -14   2 -37  24 -83  -9  59 -63  48 -30  27  39  82  58  39  -3  81 -89  71 -12  -5  39  52  63  36  58  77  94  50 -37 -36 -64  65  26  59  81 -84  19 -83  63  86  44   4  70   3 -58 -34 -17 -50 -61  70  44  75  24   6  10 -19 -17   6 -68  45  67 -35  11  -8 -77  -9   7  40   6 -30 
 27 -49  71  -2  51 -88  62 -64 -39 -98 -93 -96  74  28  10 -15 -90  92  90 -60  38  56   2 -51 -51  23  37  54 -36 -56 -75  88  -8  93 -14 -55 -94 -51 -20 -34 -50 -16 -33 -75 -88  76   7 -81  67  -1 -44   5 -46  58  51   3 -18 -11 -42  43  31 -20  32 -76 -26 -81 -34 -21 -33  43  42  14 -73 -90  38 -62  84 -55 -44  52  43  12 -42  96 -31 -90  -2  50  -3  55  -8 -71 -66 -75 -50   7 -56  16  85  10 
-42  26 -76 -16  36  59  21  21 -95  75 -26  47 -14  30  43  54  37 -60   3 -65  95  94 -39 -70 -82   9  35 -39 -76  21  69 -19 -51  92  65  82  52 -13   4  57 -39  75   3  46   6 -55  -1 -57 -15 -99 -23 -21  94  36   6 -88 -54 -58 -28 -31  61 -60  47 -91 -67  13  90  83 -98  -7  41 -40 -31 -57 -92  73 -12   4 -85  70   5 -11 -50  -2 -74  55   9 -31  97  79  35  57 -80 -16  65 -49  96  56 -65  95 
-52  73 -43  14 -83 -38 -12   2  65   2 -27 -31  91  20  67 -84 -25 -25 -17 -27 -45 -81 -71 -25   0  93  25  -2  48  57  -8  95  31  46  10  45 -91  96 -53  72  -3  17 -58 -13 -61 -92   3  13 -17  85  83  35 -97 -87 -89   3 -93  33  98  52  -9  -9  48 -77 -61 -43  66 -55 -46 -86 -84  51  28 -42 -61  66 -37  39 -22  43  23 -40 -20  26 -28 -10 -72 -24 -77 -73 -73  13  15  74  34  53 -67  -1  96 -14 
 12 -87 -64 -61 -32 -27 -93  29 -87 -18 -27  36  42  52 -39 -87 -58 -12 -13 -38  12  13  74 -72 -13   7  79  17 -93  76 -96  16  86 -62  55 -44  10  59  84  20 -58 -44 -43  81 -92  15  92 -53 -96 -20   8  15  90 -17  43 -22  90  21  94  96  -2  96  14 -15 -67 -32  38  42 -72  21 -39 -31  77  16 -50  84 -68 -57 -68 -66  20  39  48  11 -79 -10  87 -90 -88  80 -92   7  75  19  90 -91  86  29  48 -85 
-50 -91 -19 -72  24  28 -89  55  70 -60  88 -11  76  36  98  96 -75  84 -92 -65  65 -87  41  40  29  30  46  16 -41  -4  28   8   4 -92  33 -73  36  41  81   5  80  71  94  57   6  93  52  30  78  57  64  42  67   7 -17  -3 -64 -69 -88  -6  24  39 -97 -73  47  35 -47 -18 -23 -67  86 -44 -95  81 -88   8  73  62 -60  50  20 -95  -6 -11   9  74  85  45 -94  97 -62  27  35 -59  53 -19  73 -95  62 -50 
-62  48   5 -60  28  15  48   3 -22  85 -46  97  87  45 -15  -2  21 -30 -58  26 -32 -21 -47 -98  17 -95 -17  -8 -90 -56  39 -55  91 -57 -16  19  57 -69 -77 -64 -83 -26 -67 -94 -79  17   1  41  86  40 -34 -47 -82  18 -45  35  23  35 -74  30  76  64  72  69 -92 -43 -11  63 -14   9  98   2  82 -68   5 -98  49 -95  42  34  44 -92  87  62  23 -59  -4 -53  75  19  74  52 -18  47  20 -13 -96 -92 -49 -11 
 14 -49  88  -4 -20  -7  -3 -72  -3 -61  62 -59 -54  48 -96  68  88  -3 -85  62 -83  86  15  -2  35 -65  84  36 -60 -63 -74  54 -15 -87 -49  64   5  45  90 -98  83  53 -58 -72   0 -57  96 -11  39 -90 -48  53  95  64 -50  29  96 -65 -34 -62 -31 -11  89  51   0 -59  15 -96  83   6 -95  68 -42 -54  95  57 -14  90 -53 -74  97  -4  76  94 -39 -73  22 -43 -38  88  -6  28 -24 -16 -21  75  22  93  79   6 
  0  81 -27  55 -71 -32  13  12 -43  57  38 -44 -46  15 -51  12  42  70  68 -97  57 -39  28 -65  42 -92 -91 -35 -98  85  69  -1  68 -57 -45  94   8  65   7  65  23 -56 -78  74  59 -30 -14   0 -61 -47   0  96  12 -71 -70 -45 -65 -62  18 -64 -75 -12  33  90  28  85  85 -62  52  -7 -96 -26  35 -77 -52  -5 -10  31  92  28  83  -7  25  -4  19  54  49  53  90 -32  87 -84  53  21 -93 -20   7  89  15 -42 
-19  16  30 -83  38  77   9 -71   9   2  57  -9  92 -19  85  11 -63  35 -35 -72 -98 -49 -59  52  71 -55 -67 -22 -65  48  33  15 -37 -36  30 -97 -60 -60 -71  48  40  85 -61  31 -32 -75 -57   2  57   6  27  56  56  67   9  27 -87  39 -96 -55 -14  36  57  49  98 -12  49 -61  26  77  85 -33  62 -77  97 -71 -55 -60  30 -97  43 -42  56   0 -76 -36 -74 -66 -96 -71 -22 -12  63 -64 -64  60  22  84  96 -51 
 60  80  13  23 -96   9  51 -52  48 -18 -52  -8  37 -95  90  58 -32 -83  91 -30 -56 -30  57 -94   4  90  63 -73  73  60 -27  34  42  85 -41  43  -5 -91  91 -57 -11 -60  32 -73 -57  21  85  10  36  75  77  79 -53  33  82  48  24  46  72  -2   5 -54 -68 -52 -70 -12  91  22  -4  81  62  84 -80  -6 -89 -40 -84  93  70  51  69  48  29 -85 -17  10  62 -94 -43  33   2  62  76  33 -91 -93 -78  97  27  17 
 79 -12   1  97  81  11 -42  97   5 -73  47 -25  73 -22 -12 -45  87 -51 -40 -56  82  61 -93  59  -7 -87  64  12 -88  -8 -69  88  79  29  84  60 -59 -56  58  43 -32   6 -83 -58  81   4  -4  68  53  54 -87  36  14 -83  -6 -93 -71 -41  18 -62  48  46 -74  27 -24 -89 -12  16 -48 -55 -42  20  50 -25  59  31  78 -45   0  30 -90  10 -33  21  26  59  27  52 -81 -53  88  67  92 -85  -7 -30 -75  80  83 -23 
-74 -57  94  73  15  54   3  -6 -90 -96 -76 -83  11 -12  38 -64 -52 -36  86 -33  10  75 -67   2  89  25  69 -87   4  51 -13  29  93 -20   1   7 -64 -94 -97 -57 -93 -76 -42  18  11  95  53  59 -42  40 -75  66  14 -45 -31   2  79 -63  15 -18  87 -99 -90  80 -19  10 -12  14  15 -12  54  22  11 -87 -61 -76 -93  91  80 -35  31 -94 -70 -54 -40  -2  48 -62  34 -38  19  20 -40  28   1  40 -63  89 -47  52 
-22 -93 -27  87 -81  11 -88 -76   1  91 -12 -67  94  17 -23 -47 -86 -74 -12  45 -15 -92 -34  44  33  65 -16  67  55  34  20 -68  40  90 -80  57   2 -71  80 -97 -81 -33 -65 -88  83  11 -36  94  34  51  38 -82  56 -97  60 -12  67 -57 -43  21  76  74  53  18  66  70 -26 -33  97 -45 -31 -83  21   4 -73   3 -86 -10  -2  46 -59 -63  63  96 -63  22 -16 -94  64  40  26  42  15 -22 -41 -20 -52  32  47 -54 
 86 -83 -40   8  18 -14 -90  30  74   7 -23 -84  41 -61 -89  77  59  -6  80  24 -65   8 -35  48  83  23 -71 -68 -46  75 -25 -61  90  35  44   7 -80  53 -62  91 -41  12 -92 -99  49 -83  76   9  10  55 -68  43 -38  -3 -10 -53 -79  18 -24 -25  -7  51  13 -18 -15 -41  88   2 -89 -74  -5 -30  37   2 -32 -15  16 -57  91 -72  98 -75  68 -39  21 -41   5  41  74  81 -85 -34  31  26  47 -83  82  35  18  92 
 60 -88 -39  -4  14  29  81 -71  71  73 -46  70  95 -77 -69  17 -21  35 -42 -45  15 -30  20 -55  93 -33 -39  76 -97  77  68  62  88 -72 -41   1  56 -61  30  29 -88  83  -2 -92 -94  26  25 -16 -37  80  36  75 -49 -44 -78 -54  20 -20 -79  22 -44  88 -17 -56 -82  39  42  71  78 -29  -1  87 -46  97  94 -41  24  18  40  84  -1 -24  59  50  29  78  95 -50 -41 -83  71  13 -95 -45  54 -80  93  -3  90  70 
 68  -9  58 -77 -13  52 -21 -90 -29 -82  94  68  -7  52  19 -77  31  13 -28  87  27 -58   1  29  -6 -44  48 -13  51  38 -42  20 -72 -84  40  14  67 -82  23 -63 -65  16 -94  26 -31  22  48 -99 -64 -80  88  61 -41 -12  -9  53  44 -59 -59  -6  76  -2 -87 -95  13  52  16 -21  67 -60  16 -97  54  19  28 -78 -57 -24 -77 -24  -7 -90 -62  51  -3  29   5 -60  67  45  31  42 -57  43  46  53  -6 -37 -66 -38 
  0  47 -37 -47 -33  88 -25   9 -37  -5  83  55   4 -78   8  98  48 -86 -62  16  57  68 -43  97  13 -96  51 -92 -36  82 -32  62  28  30 -84  95  19 -10   3  82  82 -13  36 -13   7 -55 -15 -44 -43  20  70 -87 -11 -72 -89 -99 -70  59 -93  -7  41 -26 -46 -30 -95 -30 -36  21  57  67   2  41 -47 -60 -73  57 -16   9 -85  38 -70  82  50  17 -89  60  17 -62  19  21  31 -39  94  84  30  96 -47  94  19 -90 
 60 -80  48 -88 -41  74  69  41 -17  81 -20  12  64 -68 -72  72  89  43 -88   9 -35  40  69 -39  25  -1 -44  76  -8  74  85 -47  94  34 -38 -48   7 -68  92  89 -86 -28   1  77   3  28  51  -9 -28  60  98  37   1  66  95 -75 -34 -48 -98  55 -74  84 -91 -81  17 -31 -30 -74   0 -38 -86  12  33  14 -12 -65 -58 -62  25  11  97  22 -53  -1 -10 -57  24  53  -7  23  10  16   9  16  34 -73  84 -97 -50 -16 
-36 -36  95  96  75 -18 -68 -82  20  55  29  18 -22  75 -83  65 -82  40  18  10 -36 -73 -73  72  40  58  97  26  60 -52 -91 -74  11 -97 -79 -12 -16 -47   3 -95 -93 -67  21 -18 -92  37 -53 -75 -24  64  34  39  88  58  11  29  17   9 -46 -24  54 -38   1 -33 -38  22  52  46  72 -44  48  76 -13 -32 -43  -6 -94   3  18 -19 -34 -49 -80 -45 -92  30  82  22 -62 -63  97  91  -3   0 -43  58 -79 -90   3  90 
-36 -47  67  48  18 -75 -57  24  26  58 -96  91 -92 -77 -54 -85  50 -73  36  87 -37  34  78  57 -67 -64  17 -47 -56 -81 -58   5 -31 -92 -46  87 -69  -6  10  56 -47  13  46 -42  34  89 -28 -15 -83 -91 -28 -22  40 -49 -64  73 -16  50 -75  27  69 -33 -67 -61 -26 -16 -75   4  77  34 -41 -71 -53 -95 -14  80  93  57 -36 -88  63  35 -11   5  83  22 -23 -31 -26   1  93 -56  65 -72 -20 -61  11   5  40 -12 
-62 -99  16 -16 -95 -96 -35  97  58  29 -92  21 -37  -6 -75 -52 -82   1  14  -9 -99   8  32  66  33 -87 -96 -56  15  43  31  53  43 -54 -62  45 -51   1  42 -93 -71  49  27  -9 -57  51  36 -40 -49 -51  50 -49  55 -19 -84 -11  -7 -81  32 -92  60 -38  58   4   8  95 -49  54  -5  92  60  23  40 -14 -86  82 -64  47 -59 -14  96  88  35  52 -30  48 -58  61  65  72  68  26 -65  27 -69  40  21 -21  -4 -84 
-30 -43  38 -90  43  49  89  78  -2 -68 -36  -5 -79  98 -54  -9  45 -15 -47  11 -42 -80 -62  -9  44 -33 -68 -34  43  27 -21 -85  82 -81 -78  24  67 -88   3 -36 -57  64  58 -36  61 -95  52   8 -10 -96 -80  45 -77 -42 -63  66  22 -33 -69 -34  93  10 -22  76  26  -1  -1  -8  11 -98  56  51  65  13 -84  28  16  65 -63 -95  68 -46  49  90  11  84  55 -68 -50  84  -2 -56  -5  75 -80 -80 -24  18  11  84 
 19 -34  36 -16  79  50 -87  -6  16 -53  -2 -14   0 -54 -25 -89 -69 -68 -58 -20 -83  37  22   9  14  39  28  87 -44 -62  72  73   4   7 -42 -18 -42 -32  75  74  12 -26 -39 -87  17  33 -79  46  64 -39 -73  78  97  46 -12  10 -16 -85  -2  40 -49 -31  14  54  76  69 -65 -65 -62 -89 -92  49 -18 -34  59  98 -99  80  45  64 -58  70  42 -62  15 -71  48 -99 -56 -53  38  -6  14 -47 -53  -9 -79 -21  23 -44 
-11  31 -96  68  96  62  65  96  41  10  60  80 -21   3 -82  93  29  65  91  72 -89  30 -35  24  80   9 -86 -98  87  37 -45 -25 -31 -42 -58 -36 -80 -91 -40  58  18 -79  38  94  21  55  88 -49  21  81 -77  31  10 -15 -43  -8  94 -30  -9  82 -94  46 -43 -28 -95  -2  36 -76   6  95  80 -77 -85  19 -84  35 -25 -94  83  95  84 -93  27  -5  -8  81  84 -15 -49 -23 -34 -46 -76  22  26 -74 -78 -37 -52  25 
-43 -71  46 -31  47  61 -95 -79  64  87 -83  47  92  41 -58 -17  22 -73  67  70   1 -66 -75  22  56  50  48  75 -88  93  -1 -34 -77 -54  34  67 -93  38  87  68  25 -97  17  16  41  58  98 -36  82  66 -65 -15 -99 -42 -92  54 -91  53  30 -81  47 -71 -16  69 -28 -80  35 -22  55  21 -54 -21  21  62  94 -36  19  93  25   2  60  58  86  59 -83  92  14 -75  46 -56 -57  -5 -28  25 -37  43  44  96 -79   0 
 18 -34  79 -59 -71  72   4  47  67 -72 -52  26  85 -64 -16 -97 -73  96 -74  72 -59 -34 -32  10  90  29 -48  35  26 -28 -65 -55  35 -87 -17  61  84  84   7  52 -86  55 -22  98  88  61 -97 -84  58 -72  87  96  -7 -45   7 -17  83  57 -81   8 -70 -49  50  63 -37 -65  25 -51 -82 -66  98 -69  86 -23 -71  75 -62 -71  90  93 -46  76  91  44 -68  -3 -72 -86 -47 -53  21 -17  -5 -29 -55  58   5  69 -92  20 
-98 -95  51  87 -20  77  63  15 -93  52   9 -40  30  -1 -95  59  94 -67  71 -52 -23  -9  28  71  61  72  28 -33  41  33  85  42  38  37  31 -83  13  -5  31  19 -53 -59  76  76  38  80  34  33 -88   6  80 -14  97   8 -43  59 -19  84 -74 -77  19 -88  65 -44  46  -5 -28 -40  87 -96  76 -65 -58  53 -90  79  32  44  13  44 -51  -7 -71 -55 -98 -15 -96 -20 -31 -71   3  87 -62 -33 -58  81  59  13 -60  47 
 14 -83  82  55  67  89  36   0  32 -52 -57  81  40 -28 -73  41  56 -70 -79 -76 -44  21 -90  -9  87 -49 -27  45  61  10  -7 -24  24 -26 -67  -8 -35  66  92  96 -85 -66  76  55   5 -95  -5 -39 -68  15 -16 -12 -65  -6  76 -79  44 -51  65   7  58 -40  80 -16  33 -86  73  95  77  64  93  92  98  70  48   4  72 -58  64 -96  55 -52  -9  89  41 -34 -88 -16  14  76  90 -26 -63  70  55  68  81  29  62  60 
 -5  54  53  -6  24   0  95  -3  41  61   0  -3 -90  88 -14  48 -44  -3 -67  69 -26 -77 -58   9  92  96 -24  74  25 -61  35 -79  93 -11  12  18  88   8 -86  29 -32  12 -73 -25  -1  10 -76  54 -92 -43  23 -20 -23  64  86 -30  60 -37 -55 -14  -1  78   4  -9 -34 -83 -92 -44  22 -80  84  90  31 -90 -34 -69  20 -12  83  25  42   7 -94 -80 -30  89 -13 -71 -49  29  14  50   8 -83 -60  74 -67 -54 -71  55 
-35 -88  44  95 -79 -91 -73  38  -4 -91 -37 -61  13 -32 -44  83 -41  42 -89   9 -27  23 -42  78  39  -4  53  70  41  81  26 -93  92 -31 -97 -87 -23 -73  48  73 -66 -88 -89  46 -22 -35  30  34 -92  39 -58 -22 -37   0 -42 -97  93 -90  70  35  89  -5  41  80  63  41  92 -58  65  42 -86  98  51 -78  46 -70 -14 -25  63  -8 -87 -93  67 -25   4 -74 -24  -2 -66 -53 -68 -76  42  70 -95   6  10  95  45 -24 

