100 x 100

<1>
-36 -87  -6  37  98  62  26  -7 -79  27 -96 -81  -9   6  -5  62 -41  95  97 -34 -29 -91 -60 -24  43  48 -13 -35 -57  90  41   4 -97 -64 -59 -98  95  66  -8 -82  -6  -7 -64  82 -99  28  43 -41  25  39  23  95  48  62 -28  -8   9  56  54  51  46  -6 -45  48  28  -5  47  24 -40 -60  39  51  32  73  34  30   2 -24  87 -74 -84  11 -79  61 -28 -10 -45  80 -54 -92  30  91   2  84  38 -71 -22 -14  52  35 
 23  -9 -13 -46 -35 -78  84  64  -3  72  90  11 -18 -90 -27  53  -1  25  34  44  31 -37  36 -68 -53 -27 -40  24  56 -87 -41 -20   3  45  32  65  65  17  31 -39 -12  20  71  69  29 -56  21 -73  68 -46  71  -2  16   6  29  62  77  88 -14  34 -99  44 -84   1 -12  45 -32 -46 -37  96  15  48  15 -15  16 -57  28 -62 -31  -4  -9 -61  93 -92  45  24  68  23  11 -47 -44  11  94 -31 -88 -17 -85 -23  37 -25 
-26 -49 -76  86  35  39 -70 -35  74  -4  60 -34  35  54 -28 -21 -23 -61 -99  88 -11 -44  -2 -16  25   9  66  37  85   2 -86 -42  52 -65 -57 -11  72 -30  51  47  66  10 -87   0 -37 -16  78  40  20  76  27 -90 -69 -74  -7  53  33 -42  -8  17  60   5  73  11  39 -83 -99  12 -13  49 -41 -48 -40 -29  51  23  52  28 -36 -27   5  88 -18  35 -85  72 -10  45 -69  81 -36  88 -15 -64   1 -77 -48  -1  33  36 
-50  91  85   9 -37  37 -69 -84 -34  -6 -12  68 -17  67   3  -4  38  92 -60  66  72   1  56 -44  36 -44 -22  88  52 -88  23 -99 -96  10   8 -36 -54  38 -21  10 -68  64 -21  12  30  81 -93 -31  72 -53 -63  43  47  90  98 -15 -55 -24 -28  96 -15  92  95 -13   3   4  50  47 -59 -71 -42 -28  90  34  84  22  15  90  90 -12 -64 -74 -69  83 -83 -72 -31 -41   3  38 -43  86  31 -49 -26 -66  54 -77  80  92 
-49 -63 -34 -57  70 -51  62 -14 -62  53  72 -26  79 -96 -42  93 -71  24 -46  30 -39   8  17  89  56  88 -76  11 -88 -97   2 -39 -63  67   1 -91 -83 -36  -8 -47 -82 -35  26  94 -34  81  87  -7   4 -60 -76  64  47  40  54   4  29  76 -86  38  76  15  98 -85 -18   0 -77  -4  63  12  48  79  75 -27  72 -60 -45  60  32  56 -99  55  21  45  -6 -25 -52 -76 -50 -41  62 -73  74  59 -59 -45 -39 -39  50 -77 
 71  -2 -97  47  70  75  86 -73  34  18  82  35 -26   3 -21  68  75  27  89 -76  85  50 -50  58  11 -11 -86  69  47  62  91  19 -39  92 -35 -68  68 -49 -44   3  68 -60 -63 -57  40  16 -90  16 -56  97  37 -72  46  86  84 -44 -26  97 -74 -79  58 -83  37 -80 -90 -96 -50  77 -46   5 -21 -77  42  16 -37 -19 -69 -29  96 -28 -31  34  -1 -86  20 -18 -30  91 -19  -7 -87 -62   9  50 -44  18  51   5  -6 -94 
-91  71 -74  49 -12 -12 -69  16  56 -73  87 -76  58 -15 -62 -23  67   7 -30 -53 -99 -20 -18   8 -71  37 -73  79 -59  19  82 -52  -9 -91  96  76  -5 -74  -7 -48 -48 -21 -24 -88  61  11 -14  27 -83  55  71 -85 -65 -45  22 -37  89  47 -58 -68 -33 -75 -23  57 -66 -28  34  26  -3 -74  77  49   4 -48  58 -34  60 -57  91  76  98  63  91 -68 -81  14  -8 -90 -40  33 -61  26  58  15 -16  89  86 -83  16 -16 
-58  -8 -68  43  42  87 -91   3 -68 -99 -19 -71  63 -27 -40  80  84  51  89 -54 -14 -71  69 -57  41 -47 -67  28 -31  46 -89   9 -61 -57 -49  80 -69 -41 -17 -40 -43  63 -12 -80 -65  47 -99 -82  -2  87 -39  81 -85 -68 -75  55 -16 -45 -16  50  98  -6 -42 -64  34   9 -84  63  65  -2 -76 -78 -38  12 -59  -6 -42 -61  11  53 -73  72  35 -59 -97  57  95 -14 -89 -22 -65 -90  71  -7 -54   5 -99 -39 -31  65 
 56  -8  86 -81 -97 -74  10 -41 -36 -78 -87 -10  91  48  30  93   6  26 -22  17 -97  13  24  74 -95  69 -22 -95 -71  46  67  84 -63  55 -98 -62  80  11  -4 -54  31   8  33  23 -43 -35  16  61  88  93 -23  91   5  98  64   7  67 -57  11  95  86 -20  79 -78 -66  78 -41 -85 -11  54 -42 -79 -36  89  41  18 -45 -44 -22 -58 -51  52 -68  51  52  93 -40  20 -65  70  14 -78 -51  -8 -58 -18 -28   0  -5  60 
-46  52  78  17  42  18 -66  94  74  10 -64 -76 -37 -33  72 -86 -40 -67  33  -6 -95 -51  14 -47  40  55  33 -89 -46 -71  70   7  78  47 -77  20 -33 -43  13 -60  64  48 -39 -72 -85 -66 -58 -26 -33  72  65 -31 -80 -20  19  58 -66 -47  68 -12 -19  38  94 -39 -14 -83  78  50 -27  -8  89 -64 -58 -49 -37 -46 -17   2  27  49 -24  -9 -83  -5  71  35 -46 -96  88 -78  -9 -32  59 -15  26 -56   1   5  94  71 
 97  82 -92 -60 -67 -32  -9  15  70 -81 -37 -55   9 -21  37 -21 -85  89 -17 -98 -88  71 -30  68 -43  93 -87  55   0 -94  25  -2  86  32  35 -80  98 -73  32  69 -57  94 -87  49 -26  49 -72 -14  39  10 -12  48 -20  55  17  35  49  28  -9 -52  33 -82  45  20  47 -21  37  46   3 -30  14  45 -35  24  -4  36 -25  23 -76 -87 -68   9  61  11 -37 -23 -53 -89 -94  36 -41  37  51 -97 -42  -3 -20  95 -57  82 
-36  54  29  29 -20 -76 -34  52  44 -13  64  73  93  24 -15 -45 -97  30 -36 -92 -35  22  44 -83  22 -98  11 -97  94  53  85 -41   9  13  87  86  36 -47  39 -19  37   4 -45  30 -70  37  84 -70 -34 -51 -63  30  68  79  44  -8  78 -43  -8  73 -91 -22 -67  15  90 -80   2  25 -30 -60 -95 -92  42 -43  37  69  94  21  98 -41  67 -66  89  35 -86  32 -74  89  86  17  63  93  93  96   9  84 -83 -89   9 -16 
-50  13  -9  91  70 -72  59  63  46  58 -77  14  92 -89 -50 -95  41 -25  94  28  90  56  22  84  53 -69  67  67 -61 -23 -48 -14  90  41 -23  59  68 -63  23  13  95  43 -72  86  54 -24  88  -6  48  81 -77  37  39  43  22  -9  71  -9 -40 -89  65   9  -4  54 -49  70  14 -82 -91 -64  28 -95  79  56  88  32 -69  77 -73  76  60 -53  15  -2  87 -64  88  57  24 -51  67  -9  56 -37 -56 -94 -66  58 -78 -58 
 91  49 -56  69   4 -69   0  32 -92  24  10  65  69 -76 -36  57 -41 -47  16  83   0 -18 -27 -43  42  16 -40  76 -27 -19 -83 -36 -70 -41 -66  33 -13  32 -33  -6 -43  74 -40 -73  95  23  82 -45  74  -3 -63 -25  78   7  29  22 -77  88  -3  -7 -31  11  56  -2  67  88 -70 -44  21  -6  49  77 -31 -91 -96 -35  29  85  18   4 -17  52  76 -40 -41   6  81 -19  -6 -23  73  62  88  31 -41  54  20 -12 -89 -60 
 82  58 -82 -50  66 -79  13  -6 -95 -68  98 -13  81  75  47 -59 -19  27  21  74 -96  -6  35  89 -76  93  44  43 -18  55  82 -37  12  97  13 -23 -82 -73  70 -78 -44  67   7 -64  44 -47 -23 -76  77  95  97  80 -12  33  70  11  25  16 -47 -94 -30 -64 -31  81 -67  79 -43 -50 -93 -72 -31 -40  95  73  -5  38 -73  69  59 -94  64  57  85 -47 -11  57  64 -85 -28 -84 -82  39 -48 -14  21 -18 -34  75  29 -30 
-96  97  29  96  72 -76  33  96  90  -7 -97  55 -51  86 -92  35  42  69  47 -87  84  65  51 -65 -48 -29  14  16 -53 -56  85 -52 -59  14 -54 -88  35  76 -91  26 -31 -90 -19  15  95 -14 -48  36 -44  98  48 -61  62   0 -28 -86  70  85  29 -84 -69  13 -37 -29 -74   6 -18  60 -18 -12 -14  50  -3  66 -34  -9 -49  15 -74   6  13  73  42 -24 -28 -85 -11 -59 -98 -83 -44 -68  30  17   0  53 -76  79  15   5 
-32  98 -46  63  63  18 -47 -85 -66 -23  18  46 -51 -39 -78  21 -24   8  59 -25  25 -85   4 -46  31 -95 -92  52  81  20 -43 -52  19  10 -90 -19 -71 -39  -5 -39  37 -86 -94  85 -27 -73   5  46  35 -34 -78 -41 -22  25  12 -90  27  19  59   7 -61 -83  54  55  25  62 -62  51 -76  32 -87  60  44 -81  46 -82 -57 -49  63  75  16  84 -65  91   8  46  98 -66 -35  58  40   3  75  -5 -41  -1 -42  -4 -49 -21 
-72 -36 -60  71 -20  84  88  20 -64  52  -3  49  35  31  41 -56 -21  40 -23  43  -1 -84 -55 -27   8   3  71  64  97 -78 -56 -74 -17 -16  96  62 -31  85 -17   2  36  79 -48 -28  10  92  13  88  31  87  30 -71 -98  74   2   9 -22 -28 -26 -24  -9  18   1  73 -99  -4  36 -33 -18 -81  68 -83  95 -79 -14   6 -88  96  -7  40  84 -76  68  83  97 -29  -6 -23  41  67  50 -67 -16 -49 -92 -16  46  41  50 -72 
 57  17 -58  52  37  28 -41  46  25  52 -13   9  75 -43  -7  72  25  86 -52 -35  53  95  -4 -62 -53   1  22  91 -59 -29 -80  98  88 -41  51  24  86 -91 -30  13  58  54 -79  33 -90  13   6  33  -1  51  97 -47  47  -8 -12  94  92 -91  84 -65 -22 -97 -68 -33 -39  80  88 -51  86 -41  59  46 -85  79 -22 -78  -9  83  54  87  33  51 -61 -19 -56  27 -26 -62  33 -41 -30 -88 -39  -1 -22  22 -20 -34  70 -35 
 24  28 -88  36   6 -11  58  94 -29  13  83 -95 -37 -77 -16   7  47  57  42 -20 -82 -89  -9 -22   9  67 -99  86 -66  68 -48  55  -5 -38  -7 -98  48 -50  96 -79  60  78 -77 -75  98   6  31  45 -35 -28 -74 -18 -18  14  57  90 -18  56  75  13  23 -72 -30 -80 -11  60 -81 -61 -91 -86 -43  68  91 -23  90  89  83  22  35 -53  91  60  26 -26 -25 -16 -37  55 -61 -61 -31  62 -33  36  79  53  -5  97  89   3 
-87 -53 -29 -97  24 -38  91   6  82  27  52  74 -14 -23 -50  59  58  10  13  97  49  79  58 -85  17  38  67 -89  36  58  14  48 -96  84  51  25 -53  43 -68 -70 -30  81 -94  53 -41 -47  13 -81  62 -73 -85  10 -92  72  24  22  11  -9  32 -52 -52 -55  94 -49 -70  44  76 -25 -12 -93   2  55  88   5  10 -54  57 -78 -36  19 -51 -24 -72 -46 -51  50  75  59 -58   6 -93 -13  51 -98  37  78  45  12 -46 -68 
 19  56  85   6 -38  -4  51 -81  15 -85  35  63 -10  62 -84  39  13  90  -3  52  -4   1 -60 -54   0  75 -75 -54 -14 -23 -24 -96 -66 -40   9  -7  53 -38   9 -31 -26 -55 -66  63 -93 -53   1  17 -63  96 -29  32  -2   8  77  98 -16 -97 -57  68 -21  18  71  10  75 -18 -97  29  41  11  98 -84  56 -69  76  60 -23 -21 -22  13 -24  46 -56  71 -46 -78  70  35 -77 -85   4  -1  30 -23 -91   7  56 -89 -65  -2 
 19 -66  11 -24 -38 -12 -65  39  64  11 -49 -61 -42  -7 -88  11  12  81 -52  34  93  49 -67  25 -73 -61 -69  82 -51 -35 -21  67  -3  89 -57  58 -23 -25  -4 -58  85  47 -19 -57 -61 -10  53  50 -28  98 -14 -33  47  16  89  73  54 -81  55 -98 -17 -65  66  79 -74 -92  39   0 -17 -66  41 -31  78 -79  11 -82  10 -36  68  80 -39 -47 -54 -91  68 -66  80  21 -48  36  22  32  70 -13  13  93  -5 -49  -6  77 
-16 -65 -55 -36 -47  54 -19  61 -81 -50  40 -23   2  85 -14 -31 -82 -33  89 -31 -96  10 -98  71  97  12  64  -9  62 -43 -31 -54  -9  11   7  42 -34  87   4 -16 -63 -55  59  36 -71 -54 -95 -54  10  93  14  13   3  13 -17  -1 -73 -52  89  86   5 -41 -69  93  67  37  36 -65  24 -61  16  60 -17 -24  -5   9  19  -1  54 -70  -8 -33  40  94  80 -75  -6 -94 -30 -16  89  74  40 -78  69   8  58   4  40 -17 
 43 -44 -58 -75  31  35  34 -48 -65 -13 -21  24  54 -79  19  33 -55 -88  36  14  -5  26 -12 -66  45 -44  40   5  57 -19  85   1  36 -73  24 -33  59 -41  16  93  45  94  17  -2 -84 -63 -68 -42 -51  67  70  41  -7 -43  73 -61  12  14  41 -30  92  26  69  30  50  -6  94  10  50  11   2  -6   4 -80  92  18 -45 -77  75   1  88  44 -57 -18 -98 -83  18  11  28 -39  79  22  84  49 -47  35 -58 -54 -54  91 
 56  45 -16 -41  65 -23  76 -79   0  53  21 -11  -4  61  68  -4  76 -13 -92   5  47  86 -72  30  34 -22 -34  75  23   9  65 -22 -44 -51  37 -78  25  14 -60 -76 -34  60  10  60  20 -21 -43  -3  66 -36 -96  12 -50 -69 -56  83   9   7  58 -69 -82  22   9 -27  70 -55  -6  -5  58  31  18 -76 -10 -72  83 -89   6 -59   8 -29   2  11  81  51  39 -76  34 -53  30  -9 -22  45 -86  84 -81  82 -70  10 -22  85 
-58  93 -90  31 -80  90  42  26 -70 -51  94  30  57  74 -20  -3  97 -85  42  27   3 -79 -27  17 -94  -8  -2 -65 -99  73 -79 -57  65 -71  71  85 -82  12  10 -52  58   5  77  16 -19 -42 -87 -23 -29  54 -95  73  74 -24 -11  77  65  84 -89  65  58 -69 -93  25 -43  76   9 -25 -11 -80  20 -53  22  -4  62 -96  53  74 -21 -77  27 -19  96   2  56 -16 -22  22 -30 -12 -13 -71  17  -7  51  71 -32 -39 -53  55 
-22  66 -97 -98 -39  64 -97 -84  38 -19 -64 -34  62 -67  66  19  17 -55 -59  84  31  25 -88 -51 -81  63 -79 -15 -77 -34 -59   1 -69 -57   0  -8 -94   2   5  43  83  40 -89  44  73  76 -38 -11 -80   2 -28  50 -72 -17  96 -55 -53 -81  27 -32 -16  67  66  12 -89 -33 -95 -84  66   9  57  48 -49  67  -7 -77  42  55   9  59 -44  80   9 -18 -36   6  26   9  24 -48  76 -93 -80  41  17 -72 -93  21 -59  72 
-70  97  22 -20  63 -86   0   4  68 -90 -35 -74  87  73   7 -48 -20 -68  58 -96 -17  33 -92   0 -25  22  27 -21 -55  67 -47 -28  66  72  51  28  85 -50 -66  53 -43  -2  78 -55 -30 -16  -6  47  13 -46  50  93  86  56  -6 -39 -21 -80  39  21  86  89  92  51  60  42 -19  47  89  14   1 -53 -89 -22  -9 -20  59  83 -72 -27 -64  76 -35 -79  31  58 -19 -91  77 -80  30  62 -92  21  13  68 -35  91  14 -45 
  4 -86   0  14  -9  88  91 -51  72 -80  21 -91  93  85 -70  25  42   8  34  18  25 -37 -21  33  83  89   2 -53  81 -83   0 -14 -72  97  97  18  86  89  66  58 -91 -14  66 -97 -30  93  26 -89   3 -39  26 -71  21 -94  59   3  95 -38  50  75 -24 -51 -37   3 -53 -39 -80 -68 -50  83  89 -42 -32  55 -40  35  49  85  45 -49 -55 -28 -22  65 -24 -62 -30 -30  -2 -81 -54  71 -35   6 -26   9  67  -7  40 -84 
-24  31 -27  43 -15  30 -20 -65  17 -76 -16  59  -6  61  24  69  96  91 -60  -5 -91 -15 -32 -27  91  39  79  57 -67  20  70   6 -50 -56 -51  34  73  26  67 -11  49 -48 -50 -56 -86  71 -88 -91  63 -49   4  71  34  69 -57  24   9 -77 -20  39  40 -49 -53  90  -6  -5  23 -34 -78 -11  55  68  40 -96 -86  51  74 -77  60  36 -26 -37   8 -93 -67  50  30  39  72 -91 -21  13 -41  23   2  50 -83 -75 -85 -64 
 13  67 -94 -47  68 -83 -95  43 -61  62 -22  10 -74  85  14 -42  36 -57  94   7 -49 -27 -80   7  93  21 -44 -88  45 -29 -55 -42 -63 -52  10 -93 -36  12  47   1 -24 -73 -90   1 -87  24  57  47  66  52 -45 -83 -76 -26  23 -81  93  77 -70  37 -51 -26  94 -15  20   3 -11  83 -83 -62 -17  -8 -36  -9  90 -26 -86  48 -78  77   0 -25  93  23  46  16  41  38  -6  68 -23  42 -58 -30 -74  61  73  15  43  87 
 50 -72 -20 -85  16 -29 -14  29 -81   8   7  18  80   0 -58  25 -83  83 -35  10  50  41 -49  91 -90 -26  53  82  86  -2  70  37  23 -51  49 -60  18 -63  66  36  42 -28 -45  23  71  -6 -51  87 -24  11  -2 -72 -47  46 -80 -37 -78  73 -56 -91 -30 -86  44  92 -38  -6 -69  77  28  96  14 -29 -31  66  91 -58 -38 -60 -72  37  50  24  64 -95 -29  84 -35  -8  56   6  -1 -73  19 -56 -82  79  35 -52  57 -35 
-57 -29  35  11 -62  26  50  -1  65  76 -64  16   1 -99  18  71  82  82 -37  39 -12  59  63 -92 -96  80  84  36 -73  41 -98 -31 -89  35  78 -52 -38  27  45 -72   4  80  41 -94  80 -39  75  62 -58 -61   0  29  97 -35  35  98 -56  20  35 -31 -40  35  37 -30 -31  14  16  30 -57 -38  55  46 -59  -3  50 -80  57  26  81  97  64 -17  27  60  45 -37  59  86  81  -7 -46 -60 -71  91  10  -3   4 -75 -74  46 
-16  80  -8  24 -23 -57  41 -67  68  24 -69  31 -94  58  -8  48 -80 -50  33 -98  42  87 -60  71  77  47 -33 -18  71  -7 -72 -44 -28  19  77  48  59  19  79  26 -58 -91 -42 -55  64  47  90  84  96  25  83  37  11 -76   7 -11  70  74  68  42 -32  95  95  39  13  71 -13 -27 -10 -35  98  29 -27 -45  74 -61 -99  63 -78  96 -11 -94  33 -99 -70 -59 -13  97 -84 -43  39 -19 -49  35 -80  64   6   4 -64  95 
 68 -64  23 -60 -12  -2 -24 -11 -37  -3 -16  49   3 -82  48  30 -41 -66  26 -28 -10 -34  53  39 -97  72   4   6 -23  37   0 -56  72 -76 -17 -40  22  59  48  82 -43 -67  30  57 -49 -21 -14   7  13 -86  78 -98 -21  32  40 -21   3 -57  82  79  80 -17 -76  51   7   5 -88 -72 -37  57 -91  19  90  38 -24 -60 -83  59  46  29  70  25  28 -49 -43 -32  27  59   8  11  38 -13  91  61 -60  -1 -35 -51  24  27 
-92  32 -54  95 -28  19 -64 -12 -21  79 -84 -49   5  43  -1  59 -90 -75  20  18  33 -41 -94  26 -81 -57 -74 -16 -10  48 -90  -5 -19 -45  -9  50  73  24 -61 -48   4 -48   2 -92  93  98  67 -96 -76 -12  21  55  44  25 -18  62  67   5 -55 -44 -46 -45  50  35   9 -58 -14 -18  63  23  33 -32  74 -66 -24  68 -67 -58  72 -46  29  -8 -90 -28 -82 -11 -65  83  94 -20 -60 -51  32  90  81 -60 -69 -33  21  94 
 89 -45 -39  62 -14  34  30  16  75   1  68   3  92  77  74 -90 -32 -91  92 -39 -14 -69   7 -81 -78 -12 -42 -49  54  77 -56  42 -69   4   3  17 -62 -66 -66 -88  34 -97  13  26  78 -12  35 -55  -6  26   3  79  54 -89  95  76  -2 -47 -74 -49 -69 -31  92 -39  70  -3  77 -91  28 -89 -81 -36 -89  31  87  86 -82  21 -68  12 -54  32 -10 -99  43 -13  74 -60  39 -99  -9  67 -33 -18 -71 -61  78 -94 -55   8 
-86 -39  69 -78  91  55 -90 -89 -23 -61  22  22  71 -89  20  13  -5  -4  52 -67  -6 -56 -99  61  26 -72  97   3 -67 -57 -90 -56   4  76 -35  -6  32 -26   4 -92  11 -75  27 -17 -64 -51  95  30  44  46  61 -61  88  61  97  13  88  95 -85 -80 -62 -75 -39  39  98  26 -66  30  97  36  37   9  60 -34  89  93  12  83  23 -45  31 -15  -9  20 -55 -10 -68 -65 -14 -54 -48  23 -30  13 -39 -32 -62  -5  97 -64 
-68  35  43  89  98  33  84  11  18   6  63 -52  90 -44  65 -64  45  96 -32 -70 -59  20  51  11 -68 -87  76 -31   5  74   4  36   8 -54  25   8  79  10 -82  -4 -83  79  41 -94 -64   7 -61  78   2   7 -91  42 -74  59 -48 -45  70 -71  23 -24 -98 -74 -86  10 -28  38 -83 -50 -53 -68  45 -39 -88 -15 -36 -53  89   2 -74  -8 -92 -67 -67 -69  91 -17 -15  62  11 -93 -62  11 -67 -49 -78   2  86 -62  51 -68 
-33  -5 -10 -21  79  53  23  69 -46  47 -40 -38  79  -8 -10  69  74  75  31 -15  79  68  95 -89 -80 -84  12 -95 -49 -38 -66  17  56  23  93  34 -23  18   4  28 -34  61  89 -56 -45 -19 -86 -72 -45  44  10 -67  13   4 -56  30  19  55  32  67 -81  65 -14  72 -13 -22   8  61  95 -89  -9 -40  72 -19   3 -74  59  15 -49 -87 -40  59 -54  71 -36 -11   0  81 -57 -66  49 -39  96 -66 -67 -15  12  40 -55   8 
 48  35  66  21 -84 -32  44  74  82  93  85 -58  53 -70 -86 -82  18  11  98  58  44  47 -79  40  80 -49 -76  -7  90 -32 -99  37 -95  64 -42 -80 -67 -97  91 -85  95  75 -44  47 -94 -33  65  21  77  62 -19  21   8  -1 -38 -10  49 -15  80  38  50  78 -24  54  43  33  71  74  34  62  88  28  38 -55 -23  42   9 -59 -36 -13 -98  44 -91  10 -58 -32  97  90  52  78  27   4  56 -97 -43   0  35 -72 -27 -32 
 89 -38  96  28   4 -28 -29 -86  12  33   1  11 -24   7 -78  18  75 -80   7  26  96 -64 -71  53 -62 -14 -46  70  13  27 -60   1  86 -65 -70  -8   6  -1   3 -83 -69 -95  27   6  10  47 -75 -14  66  30 -87  63  63 -58  17  98  25  69  69 -63  -5 -92  37 -20 -60  64  71  45 -38 -26  59  -8 -22 -14  96  85 -66 -80 -28 -99  49 -17  62  13  22 -22  12 -54 -52 -19 -18  40 -12 -82 -78  28  79  90 -28 -57 
-35 -69  32  41  16  29  27  49  49  97  47  -1 -19  10 -88 -98  86  21 -53 -67 -97  26  73 -11  43  92 -84  23  81 -15  63 -52  15  -3  86 -70 -73  14  78  73  10  25 -26  90 -64 -17  89 -79 -95 -63 -46 -92  62 -72  -6   4 -81   9 -73 -99  93  89 -54   8 -15 -67  37  10  45  17 -16 -44 -59  55 -54 -26 -61 -64  -5 -58 -27  48 -53 -66  73  40  38  91 -50  64  89 -58  52 -63  49 -61 -31 -14  46 -85 
-98 -69 -29 -58  84  14  15 -78  49 -89 -37 -77  58   9 -43  30 -52  92  22  -5  57  13  37   8  47 -15  44 -83  68  -9 -68  69  20   0 -88   5 -85  27  24  61  35  87  84  -7  -5 -60 -76  41 -67  44 -63  87 -44  71  -4 -96 -44 -60 -82 -75  30 -53  94 -49  46 -95  53  58  29 -21  21 -34 -35   4  56  57  41  79  -1  73  22  36  59  75   6 -46  76  61  -7  94  86 -75 -58  81 -27  86  85 -72  43  16 
  4 -35  79  68  66  36  26   8  14 -73 -20 -62  60 -60 -88 -33  -8  88 -70  84  83 -85 -92 -74  95 -19 -87  79   6  56  -6 -89 -80 -26  76  84 -91   3  -7  23  27  73  58 -14 -88  69  51   3  58  80 -13  40  92  -6  66  86  72  76  66 -21  31 -40 -13  49  31 -36  34  40  65 -74 -38  -9  96 -79  77 -90  87  29  10  45   8  96 -14   1  -8 -47 -12 -37 -71 -47  40  59  10 -72   7 -57 -10 -58  80 -46 
-34 -57  44 -37 -39  20 -28 -51 -52  80  93  55  77 -19 -45 -32  31  40  31  59  91 -28  18   2  -3 -74  42  84 -34  23 -61  31  63  81  93 -75   0 -35 -28  48 -56 -34   4 -78  44  57 -12 -23  -2 -80 -65 -10 -11  50  90  83  74  33  69 -61 -42 -93  69 -78  87  61 -55 -11 -75  16 -62 -32  81  39 -12  25  -5  75 -99  93  92 -67 -18 -18  83 -27 -34  56 -92 -66  94 -37 -59  64 -16 -73  24  26  15  49 
-57  50 -82 -76 -11   3  48  83 -21  48  75 -30  80 -41  51  62  29 -83  19  34 -52  14  96 -12 -23 -20  15 -97 -93 -71  49 -50  77  64 -27 -33 -31 -80 -51  45  67 -74 -83  46 -16  65   8 -86  81 -72  46 -71  40  43  16 -84 -76 -70 -84 -71 -41  64 -22 -63  30  48   1  96  67  49  42  33  74  58 -20 -43  25  87 -31   5 -85 -84  33  52  56 -51  67  80 -22  83 -92  34  46 -17  68 -23 -68 -30 -28  96 
-81 -84  30  90  71 -91 -53  -5  94  15  98 -92  28  30  59 -15  76  27 -36 -44   9 -29  87 -43  53  57  31  82 -74 -95  79 -56 -82   8 -66  88  17 -20 -17  12  94 -20  19  21 -89 -23 -93  85 -95 -29 -58  14  39 -70  68  -6  84   0 -23 -88   4 -44 -47  21  63 -14   9 -19  63  89  90  56 -30   8 -22 -22  84 -15 -36  89  53   3   2  -7  31 -31  86  16  68 -37  25 -28  18  76  90 -18 -37  -2  61 -74 
-12  52  81  55 -38 -39 -65 -53  45  -4 -65  -1 -99  34  89  29 -96  77 -54  70 -61  69 -57  54  46 -66 -63 -92  32  95 -67 -81  49 -84  74 -90 -24 -92 -46 -80   1 -13  18   1 -80   6 -71 -78 -16 -27  91  20 -57 -67 -25  88 -36  10  95  93   6 -72 -86 -46 -57  85 -39  18  90  15  37  -8 -99 -46  91 -82  59 -79 -61 -57  -7 -71  62  35 -39 -63  22  23  46  17  17 -47  44  28   5  86  14  65   3   5 
-21 -59  95 -21  -8  87  -3 -50 -91  33 -10   2  62 -48 -62 -76 -12  58  46 -65 -24 -37 -15 -79  90  89 -92   4  56  10 -92 -64  48 -96  13 -61  90 -89 -12 -99  43  76   0   4 -71  35  28  16  -6 -27  48  69  33 -66  89  25 -77  94 -72  78   3 -65 -87 -50 -63  25 -12 -72  33  74 -74 -24  51  25  79  79 -40   6  -6  53  77 -57  24  11 -24  12 -65  -2   8 -38 -25 -88  -5 -12 -38  31 -88  47  58  43 
 22  82 -80 -28   6  96 -50  65   4  43  20 -20  85 -57  90 -39  54 -75  56 -39 -14 -69 -29  80  16  30  12  27 -22 -30 -29  98 -47 -12 -29  56 -14  19  23  87 -37 -58 -32 -52 -16 -43   6 -63 -19 -37  -2  65  -9  66  44 -92  -3 -42  33  74  25 -97  71  75  -9 -56  32  74  62 -44  60 -76  -3 -73 -29  80 -17  76 -83  62 -61  12  26  29 -21 -29  35  75  28 -31  48 -48 -29  21 -72  59  62  60  32  23 
-83  -7  46  12  19 -83  -9 -98  90   7  63 -70 -80 -10  57  -2  58  -7 -28 -12  59 -78  37 -71  40  65  88   3  26  21 -73  40 -84  70 -47  32  84  44  33  76 -48  -5 -95 -30  82  59  65  42 -47 -61 -71 -89 -42  65 -60  97  29 -73   1 -44  47  25  96  60  -6 -52  -8 -20  91 -74 -43 -57  19 -39  10   2 -78 -24 -57 -28  12 -29 -19  69 -64  20  65  64  44 -33 -80  -8  89 -85 -48 -15 -38  41  64 -47 
 66 -80  -7 -16 -22 -96  84  -3 -23 -72  67  89  -3 -51  57  32  66  24  -5  11  88  14 -98  79  28 -49 -37  88  91 -74 -58  57 -55  34 -58  22  35 -73 -81 -87 -47  85 -97  49 -67  60 -20  98 -15  74   8 -26 -12   9 -48 -83  58  14 -96  50  39 -55   8  81  76  48   3  12  72  21  23 -74   5  25  74  37 -16 -45  36  66 -71 -55 -60  16  51  -9  30  10 -95  34 -40  41  78  65  24  54  14 -74 -35 -14 
 46  87  11 -48  12 -15  86  95  37  23  61  65  65 -98 -18  17 -10 -88 -73  -6  45 -14 -65  22 -50  56 -23  62  81  42 -51  26  28  59  75 -59 -57  62 -64  80 -14  94  46 -50  95 -72  64 -14 -61  90  78  81 -25 -88   4  25  67  81 -14  49  22  34 -26 -51  -8 -50 -10  35 -87  23  16  -4  18 -39  43  12 -14   8  95  22  -2  74   4  72  83 -90  -4  51  88  79  -1   9  14  72  57 -92 -79 -54  40 -69 
 68 -43  24 -15  15 -32  96 -97  74  93  24 -27  66 -70 -56  51 -63  38   1 -76  18 -98  32 -66  71 -12 -61  90  34  78 -78   1 -66  44  86  48 -87  83  50  86  77 -26 -42  43   3   2  -5  37 -59  95  60  56  94  -9  89  67  78 -73  58  13 -94  77 -84 -61  22 -97  87  33  83  36  18  60 -89  76   4  11 -21  98 -51  17  92 -92 -26  88  -4 -37  56 -24 -11  13  86  -7  -9 -97  31 -87 -97  17  45  84 
-47 -36  45 -37 -59 -50  72  17 -53 -80 -67 -60 -72   5 -71  23  65  82  96 -45  -6  84  45  83  84 -24  95  85  92  41  70 -56 -96  16   7 -55  63 -20  59 -89  -3  90 -50  24  -4 -23 -53 -38 -42 -58  14  52 -73 -39  36 -89  36  30  95  27 -28  66  71 -25 -17 -23  17 -55  54 -24 -45 -48 -33   2  74  62  76 -80 -77 -64 -39  36  85 -14  94  20  -4  29 -49  -8 -44  20 -41 -72  92  39   2  11  83 -43 
 86 -63   8 -46  38 -17 -85  16   2 -63  49  61  70  35 -52  64 -46  43  -8   4 -64  47 -77  -8  74 -84 -70 -23  26 -88  31  11 -52 -59  62  83  21  74  -2 -77 -90 -52  83  78  80 -70  43 -65  72 -64  36 -93  81  58  -4  56  72  25 -67  -3  36  61 -90  81 -99  69  65  22  45 -35  42  54  10  24  31  -8  53 -25  24  24   9 -40  28  -9 -83 -75 -54  88  49 -24 -13 -16 -61  -6 -34 -61 -38 -70  58 -94 
 -6  -1  58 -96 -76 -10  -7  74  63 -82  -3 -27 -25 -74  61  -8 -50 -94 -21  96 -18  63 -19  18 -44  44  54  18  74  12  21 -33 -88 -20 -30 -66  70  62 -91  34  78   4 -94 -48  29  64  41  79  69 -78  76 -50  82 -41  65 -60 -98  21  55  75 -68 -23 -56 -57  55  11 -26  24 -27 -19 -41 -50  84 -38   1  14 -75 -56  -6  91 -35 -30 -57 -54  26 -91 -15  27  27 -61   4  58  14  45 -99 -30 -45 -26  93  27 
 54 -49  74  39  10 -23 -45  34  20  46  26  82 -85  66 -73  40  73  12 -31   1  48  70 -41 -37  14 -43  32  66  30  26  -7 -16  74 -32 -78 -15  42 -26 -80 -39 -78  44 -56 -64  11 -29  74 -15  80 -58  86  29 -89 -56  90  24   0  23 -11 -71 -51  81  12 -76 -51  32   9  90 -93  28 -47 -74 -27  -6 -40  82  62 -65 -32  43 -26 -47 -28 -16  -4 -37 -93  93  83  -5 -78 -67 -22  31 -43  26 -36  65  15 -29 
 -8  67  -4  63 -37  53  44 -74  87 -87  67 -38 -34 -60  43  59   0  49  52 -16 -54  73  17  21   5  71 -54  69  35  60 -61 -74  29  32  86  89 -13  31 -84 -27  44  82  33 -91 -79 -23  65  20 -72  18 -96 -29  -8  18  89  95 -10 -64  65 -76  93 -97 -51  21  34 -65  11 -78  65  25  -7   8   8 -73  16  29   1 -19 -52  26  98 -49  96 -10  68  86 -14 -43 -79 -50 -20 -86 -48  27  34  85  61 -55 -93  25 
 69  -3 -65 -22  23  48 -94 -77 -70 -46  49 -72   2  46  17 -30  32 -98  26  52 -49 -94  65   0  32  -1 -16  -8  43 -12 -82  13  84 -50  88   6  98  92  29 -73 -55 -21 -46  46 -76  68 -85  55  67  41   7 -81  46 -27  16 -23  69 -98  68  13 -11  83 -75 -25 -65 -87  80 -68 -96  10 -42 -52  86  10  91 -88 -23 -92  66 -54  46 -26 -38  -9  45  78  67  13  79  34 -74 -33  16 -50  41  50 -40  21  79 -37 
-70 -61  10 -82  46   1 -71 -76   8  92 -33 -47 -34  29  43 -90   6  11  22 -16 -56  47  50  59  95  -7   9 -46 -85 -11  17 -58  25 -74 -41 -28  24 -15  -6 -67 -21  58 -17  42 -12 -73  51  91  37 -28 -24  78 -81 -72  37 -85  20 -53 -32  32  33  82  73 -40 -92 -68  29  31  16 -76  62  92  82 -54  35 -31 -27 -15 -38 -91  57  37  87  73  64  25  87 -17  69 -46 -86   3 -64  85  62 -59 -82  -9  71  31 
 14  32  25  -5  78 -41  62 -50  42 -75 -42  -2  59 -56 -28  23  66 -42 -95  36   9 -83 -61  44 -97  98  84 -82 -10  55  46 -96 -12 -30  -2 -33  29 -41  14 -28 -19  70  67 -60 -85 -60  62  79  -3  64  14 -93  80  52  49  80  50  34  95 -59 -12  43 -56  76 -86  40 -58  40  98  56 -89 -21  27  77  18  39 -84 -19  19  12 -56 -65  17 -76  84 -35 -95  35  98  98  76 -14  40 -81 -37  53  56   4  -7  56 
-41   3 -64  85 -20  51  24  -5 -67 -56 -93 -26 -24  21  -3 -40  85   0  94  84  -1  69 -31 -60  86  31  90  43 -65 -16  -2  -7  87  31 -22 -34 -17 -97  60  13 -56  64  87  20 -14 -15  77 -28  82  70 -44 -18  41  24  21  26 -43  11 -30  -9  94  66  81  80  -2 -40 -53  81 -38 -93  -7   6  70 -21 -75 -42  62 -97  29  45  72  84 -71  12  10  47 -61  64 -41   7 -44 -47 -26 -62 -66  69  -2 -21  49  57 
-15 -56 -38 -44  22 -14  11 -15 -14 -58 -68 -42 -75 -42  69  34 -94 -92  -1 -37  12  52  15  83  88  46  53 -13 -74   4 -57   8  45   5  62 -32  88 -26  51 -26  15  80  31  38 -61  -1 -27 -58   4  70   2 -83  23 -84 -99  10  62  54  94  85 -43 -61  -5 -97  41 -42 -32  30  31 -82 -97 -54  97  33  83 -65 -66 -45 -25  37 -76  76  52  45  90  52 -44  53   5 -48  37  61 -10 -67  61 -70 -10 -71  59 -79 
-54  62 -36 -57  -6 -52 -23  25   0  49 -36  24  25 -85 -30  16  66  25 -32 -29  76 -94 -69 -35 -63  92  -6  26 -80 -47  44 -35 -86 -91   7   7 -46  82 -66  52  30  -5 -23 -44   7  44  69 -26 -30 -62  42 -54 -56  73  10 -22  66 -94 -97  83 -44  47 -51 -31  53  54  73 -93  35 -94  58 -34   0 -64  20 -92  79 -10 -20 -52  26 -77  -7  67  93 -97 -54  60 -92 -52  44 -39  94  91  29  47  44   3  53 -20 
  9  12  43 -92  45 -38 -86  23  52  -9  70 -21  11 -35 -53   6 -35  -8 -35 -30  37 -91  30  33 -99 -40 -19  42  60 -67 -77 -32  44  63 -24 -10 -73 -13 -88  76  77  81 -44 -13 -55   0  92   9  89 -41  78  27 -33   9 -41 -35  66  37 -92  26  69 -72  93  12  88 -32 -99 -86  52 -88  89  28  93 -56 -83 -63  41 -90  46  31 -34  23 -42  30 -68  16  92  97 -47  97  22 -77 -76  17  35 -86  82  35 -73  36 
 45 -84 -35  39 -41 -21  75 -98 -13  20  30  52 -55  87 -18 -26   3 -25 -30  55 -26  92  75  -5   8   9   8  -9 -54  33 -74  88  48 -11  28 -94  67   2 -93 -45 -78  37 -93 -34  23 -12  37 -73  60 -92  79 -67 -99  56  28   8 -34 -65  97   9  67 -78  -2  14  10 -75  20 -23  27  24  31  48 -38  35 -87  83 -76  47 -89  84  54  88 -82  55  45  45 -38 -90  78 -42  19  44 -20 -84 -40  89 -59  77 -33  65 
  2  96  12  62  32  22  44  56 -30  54  39 -75  41  54  77 -13  -1 -61  -5 -22  -4 -87 -77  75 -72 -20  66 -34 -44 -68 -70  56 -71  39  19  59 -38 -38  14  29 -85 -46  52  56 -93  28 -56   5  66  36  82 -36  48 -95 -60  76 -18 -95 -59  38 -65 -29  -5 -39 -89 -87 -79 -29 -26  34  97 -12  85  50 -55  92 -20 -13  -4 -55 -76 -20   8  72 -18  46  47  63  50  87   2  82 -43  96 -55 -34 -90 -35  34 -19 
 97  32  69  83 -18 -85  74  59  -1 -28 -95  23  49  11  -6 -68 -42 -58  92 -93 -72  -4  89 -17  -9 -65  48  -1  -1 -19  79  -5 -88  47 -20  -9  62 -45 -49 -40  24 -46  82 -26  64 -25   3 -79  14  -3 -73  42  90 -83 -76 -18 -49  69  78  48 -49  57 -56 -38   5  21  51 -34  74 -97  26  -1 -46   7  73 -83  82 -23 -63  -3  71 -38 -62  62 -22 -39 -56  27 -71 -77 -26 -21  77  17  39 -16 -60  -9  49 -87 
 -9 -24  11  43  83 -17  59  64  58  94 -40  30 -43  -4  -8  32  54  35 -40  83  55  33 -37  34 -50 -99 -83 -13  -9  65  -1  80 -59 -89  24 -75  -8 -16  86 -49 -23 -55  78  33  40 -31 -33  -4 -97  24 -20  58 -43  40  -9   6  41   7  92 -69 -29  -8 -90  11   0  33  33  89 -83  20 -61  -7  65 -81 -74   4 -13 -10 -99 -10 -87 -22 -53 -31 -80  35  74  58 -59  65  86  11 -44  96 -78  56  30  54  44  44 
-24  83 -61 -60 -99 -38  43 -13  51  42  74  63 -79 -80 -68 -62  52 -93  93  92  70  79   3 -73  76  24  80   5 -21  26 -49  52  10 -13  89  10  46  32  94  -4 -25  68 -42  -7  85 -11  29  39  -6  23  32 -35   3 -64  -9 -22  57 -27  83 -62  98 -67  87   7  17  78 -84 -36  11 -89  57  83  76 -84 -23  63   5 -93   3  98  28 -66 -38 -70 -32  52   8 -74 -76 -10 -39 -77  20 -50  27 -62 -73  42  -1  37 
 51 -45  21  26 -30  95 -10  72 -98  90  69  27 -76 -68  56  -9  84 -37  14 -91  52  75 -70 -29 -76  54   8 -50  -2 -94  84 -52 -40   6  71  28   0 -37   1  -1 -48 -28 -73 -25   3  83  63 -14 -53 -21  -7  97 -47  22 -31 -26 -23  75  23  72  78   8 -81 -62 -87  90  65  10 -48 -33 -89   1  36 -63  74 -59 -81  38  24 -34 -84 -82 -38 -32  37  30  39 -84   6 -37  85 -16  68 -96  21  80  91 -13  -8 -56 
 51   0  42 -13  36  17  25  55 -43 -50 -80 -28 -32 -19  38 -94 -88 -24 -81  16  39 -96 -99   8 -93  19 -12  95 -95  77 -62  55 -22  79 -59 -85  -2  65  67  52 -83  86 -77 -16 -32  58 -13 -22 -64   6  91  74   9  91 -19  13   9  66   7  13  44  44 -33 -77  24   8 -64 -79 -26 -96  72 -10  88  93  71 -43  52 -40  32  87  63  24  60 -29  14 -59  81 -76 -92 -11  36  52 -66 -97  72  55  10 -91  76  83 
-89  47 -27  98  41 -57 -46  -5   2  86 -19 -36  11 -57  34 -73 -17  14 -52 -12 -96  82 -59 -63  84 -87  90  -5 -79  67 -23 -71  13  47 -72 -44  90 -18  50  -9 -33 -70  53  77 -28 -12 -97  52 -96 -51 -58 -95 -68 -20 -60 -83  -8 -69   9  11  95  83  37   9  32  63  64  21 -54  13 -89  10  43  63 -14 -86 -49 -11  66 -46  37 -93 -44  66 -16  -5  82  74  25 -10 -14  21 -26 -78 -68 -95  84  93  23 -71 
  8  34  38 -48  -4 -74 -35  46  12 -70  97 -52 -66 -45 -85  18  49  94  -7 -26 -15  76  92  56  97 -75  59  83 -82 -19 -87  25 -86  49  74  10  74 -62 -43 -13 -32 -46  34   1   8  46 -82 -44  41  10  29 -73 -13  23  80 -16  45  38 -32  62 -79 -22 -14 -66 -72 -39  41 -99  -1  98 -13  64 -49 -80 -36  58  65 -18 -85   7  91  44  31 -22 -34  11  61 -88 -50 -72  72 -32   3 -41   0  29  20 -58  29 -82 
-61 -84  81 -11 -65 -54 -52  98  27 -39   4  18 -96 -65  95 -31  45  55 -20  92  82 -49 -38 -16  10  61 -86 -69 -96  43 -54 -59  58 -74  29  90 -29  77  87  96 -61  -7  15 -58  27   9   8 -29 -35  85 -38 -54 -62  21  27  47 -17  41  75 -15 -17 -78  25 -58 -53 -47 -69  15 -71 -80  10 -33  10 -76   6 -64  32 -87   6  94  98  65 -61 -63 -12  66  81  70   6  57 -46  88  76  76 -69 -78 -71 -41  36 -43 
-24 -54  24  85 -31 -71 -78 -99 -60  25  92 -61  -8 -69 -27  79  96 -45  48   3 -87 -98  -8  86  75  20 -91 -95  76  42 -38 -46  87  83 -60 -44 -89 -40 -44 -50  82 -53 -12 -27 -23  60 -47 -26 -84 -99  74 -74  98 -35 -87  74  84 -79  77  60  61 -60 -85  49 -78 -48 -94 -68   9 -41 -20  -7   6  67  65  80  27 -82 -44  40 -84 -71  64 -85  -6  74  86 -23  93  62 -62  55 -97 -50   5 -78   2   9 -48 -90 
 65  31   2 -30  -3 -33 -48 -75 -18   5  63  -3  33  28   9 -74   3  -4   1  -5 -40  38 -49 -40  86  54 -20 -13 -36  31  -4 -72 -37  96  -2  59 -36  49  82  43 -45  46 -59  85 -27  49 -87  73 -56  13 -30   1 -50  20  59 -65 -27 -62  21  36  68 -83  62 -70 -86 -39  88 -25 -89  69 -81 -37  14 -43 -53  84 -95 -43  59 -52  67 -72  47 -81  45   5 -49 -80  42  72  53  11  88  16  38 -99  76  27 -27  84 
 -4  -9 -54 -89  45  -7  95  49  49  53  94  18  78  42  34  24 -54  84  41  87  55  -4  -3  42 -87 -64  40  87  61 -86  70 -42   2 -82 -34 -52  10 -40  96 -42 -88  92  73  89  33   8  13  77  -8 -45  65 -54  50 -38  88  61  -3  29  49 -43  43  20  12 -56  35  78  -8 -56 -63 -13   2 -51 -22 -26 -61 -87  82  51  87 -27 -94  53  18  55 -86   7  17   9 -64 -35  65  76  83 -21 -79  19 -44  10  61  -8 
 97 -38  38 -24  35  75 -14  18  25 -26  88  30 -73   8 -13 -60 -86 -97  48 -51 -34  13 -76 -50  91 -55  66 -54  54  28  35  50  89 -25 -72  26 -49  11 -57  73  85 -67   5 -89  38  89 -50  51  91  96  98 -42  10 -77   5   0 -33 -27  45 -79 -98 -21  70  89  53  95  14 -97   6  56  76 -10  86 -20   0  25 -30  47 -24 -40  42 -25  16 -47  -3 -78  50  62  -8  -6  82  -8  73  51 -18  27  46  95  28 -47 
 50   3  42  36  82 -59 -40 -49  87  35   8  31 -89 -75  81   6 -55  33 -31  34 -72 -50 -73 -98 -98   6  27  45   0 -44  97 -48  56  38  85  37  76 -54  87  65  81  -6  -5  89  17 -23  -6  61 -91  62  -4 -65 -87  21 -64 -87 -72  60  57  28 -85  54  77  70  -9  63   8 -31 -90  -6 -67  88  88  27  77   6 -97 -28 -34 -90 -66  59 -56 -54 -19 -23 -44   7 -63 -87 -64 -49  64 -88 -79 -46  74  28  22  81 
-78  52  69 -91 -22  47  12 -19 -82  77 -12 -49  35  29  -5 -84 -95  48  22 -59  60  55  -8  23  64  12  77  39 -61   0  21 -42 -48  -9 -34  29 -63  77 -91 -47  53  -4   3 -12 -76  95   3 -71  45 -76 -31   4  76  58 -71  41 -31 -93 -21   6   4  97  63  55 -12 -71 -14  24 -93  -6  76  58  88 -21 -53 -87 -25  47 -59 -81  68  10  23  45 -33  51 -15  36  57  63 -57 -38  61 -93 -83 -50 -65   2  72 -60 
 93  49  95  82 -73 -59  93   0  87 -65  18  56  42 -58   0 -89  92  84  46  48  46  86 -90   8  92 -74  56 -73  27  29 -36  21 -23 -42   3   4  -2  -3 -95 -16  29  20 -61 -27  62  38 -19  53  21 -74   3 -34 -87  12  71 -96  37  28 -72 -37 -44  -9  81  33  48 -17 -64 -55  79 -62  28   8  57  66  78  20   3 -40 -25 -75 -17  75 -12  -5 -14 -39  -2 -78  88  24 -16 -54 -86 -36  76  60  47 -87 -94  25 
-50  34 -68 -92   1 -89  26 -94 -30  98 -72  52  74  16 -54 -39  76  42 -18  63 -33  63 -92 -20 -74  83 -59  70  95 -55  -3 -56  78  28 -48 -22  37  77 -19 -94  76   7  56  49 -76 -97 -91  97  42 -10  59 -90 -48  67 -12 -23  51  26 -51  46  70  43  89  49 -30 -60 -73 -92 -82   7 -86  91 -85  69  39 -64  69  47 -68  13 -64  91  20 -13  57 -91  62   9  33 -90 -44   4  50 -55 -47 -79 -16 -21 -73   0 
 83 -62  -8  98 -94 -69 -67  74  77 -35 -14 -85 -45 -94   1 -87 -88 -38  19  44 -31  73 -50 -80 -81   0 -61   2  78 -35 -99  62   2  -7  59   5  21  92 -22  -1 -44  62  13  10  67 -86  20  78 -27 -60  24  42 -86  71  61 -68 -28 -99  32 -49 -37  32 -88  62 -76  71 -32  44  62  44 -55 -83   7  55  26 -25  68 -55 -46 -59 -16  77  82  -4  49  44  25 -78  43 -42 -30 -95  88 -18  67 -87 -48 -66  55 -87 
 77  97 -71 -15  51  52  59  19  96 -85  59 -21  89  42  74  38 -15   1  57 -73  56 -71 -68  45   8  98  56  57 -69  10  69 -90   8  95  -6 -40  48 -47  78  43 -35  36 -77 -45 -21  97  90  62  -3  49  88 -46  75 -79 -99 -16 -82  56 -58 -51 -33 -90 -44  72 -94  47 -69  51 -99 -91  -5 -37  44  17  16 -75  13   7  84 -89 -43  73 -35 -67  92 -37  14 -91 -80  53 -45 -16  60  10 -45  65 -41 -15  17 -43 
 -9 -89  20 -63  28 -63 -41 -58  43 -56 -49  98 -82  15 -70 -91  77  44 -82  94  -4 -28 -23 -42  82  29 -78 -60 -85  37  -4   4  47 -85  40 -24 -49  96  16  92 -59  66  91 -44 -20 -80 -35 -42  63 -20 -49 -41  51  27  16  32 -43  37  69 -31 -25 -35  72 -78 -21  11  -3  30   8 -88  21  48  75  13 -96 -44  32 -34  13  -5  45  61  53  -5 -11 -32 -73  43 -96  95 -86 -23 -41  83  -2  38  -4  92 -33 -97 
-94  87  49  80  -1  52 -64 -70 -81  46  22  61   9 -26 -43  97  41 -19  40  43 -24  53 -79  34  35  18 -29 -70  11  35 -67  14  21  81  -6 -81  32  29 -51  48 -24  68  10  82 -56  64  79  82 -53  20  26  20 -28  46 -45 -92 -37  24 -62  74 -40 -32 -11  81 -52  82 -99  79  10 -53  28  84 -83 -63  67 -42 -98  47 -61 -54 -32  63  65  39  10 -80  45  73  43  80  46 -98 -51 -66  80  -6 -82  81 -26  25 
-73 -99  10 -59 -63 -21  -4 -64 -75  35 -20  -9  -1 -54 -69 -92 -37  73  78 -95  54  23 -95 -98  57  84  -7  72  64  64  -2  91  64 -92 -67  98 -16  27 -66   8 -37  13  98  59  56 -71  64 -79 -97  42 -77  55 -34 -73  54 -76 -87 -51  93  76 -86  -7  66  76   0  97  73  83  25 -92 -10  85  20 -10  45 -22  16   8  -4  18 -49  18 -28  15  43 -74  36  55 -28  31  30 -17 -77  -2 -40  20  -4 -67   4 -78 
-60  91 -92  58 -18  50 -63  97 -41  30  15   8 -51  84 -76  91 -89  57  45 -20 -11 -23  63  11  74 -78 -68 -31 -46  33 -10  -8  26  -5 -49 -93 -54 -15 -96   2 -84  16 -89 -38   1 -68 -47  10  89  97  89 -23 -27  51  88 -52  71 -81  16 -76  52 -95  15 -23  -1  63 -19  44 -51 -16 -52 -36 -99 -44  26   0 -14  78 -89 -24  74  97  52 -51  48  39  -4  20  58 -88  43   9 -86 -42  83  13 -78 -35 -44 -29 
 49   3  32  47  57 -41 -52 -56 -64 -42  17 -88 -45 -32 -40 -96 -91  53  23  64  62 -35 -28  76  20 -46 -12  42  18  43 -88 -34 -54  43 -85 -96 -98 -40 -55 -65  18  61 -54  70 -70   3  73 -64 -44  -5  97 -83  57 -32  90 -21  21 -21 -80 -61 -76 -69   4 -31  71  16 -30  72  76  14 -91  -7 -26 -48 -36   1  53 -64  37 -90  28  33 -76 -14 -99 -84  64  21  -6  81  59  15 -87 -37  81  84  78 -48  55  55 
 63  63 -53 -62 -83  10  39  69  45 -25  76 -26 -91 -99  58 -91 -86  21  28   6   4 -14 -80  16  48 -97  -1  28 -48 -44 -18 -83 -80  29 -46 -66 -62  90 -98  81 -34  77 -46 -27  76 -87 -19  87  34 -92  -6 -63  -6  14  50 -59  16 -49  66  65   4 -50  81  21  76 -63  55 -85 -74  54  95  -8  31 -51  64   8 -39 -56  -6  92 -48  88 -70  43   1  80  83 -84 -68  51  80  33  98  63 -45  75  97 -89  87 -76 
 63  82  15  -5 -68 -22 -98 -10  22  -5 -16  71 -16  13  13  84  -8  -5 -99  21 -53  79 -45 -56  43  10 -82  41  18 -93  62 -18  86 -23  76 -83  54  77   6 -25 -26  89 -55  55   2  55  41  93 -48  39  16  -4  19  70  40 -39 -19  57 -99  97  61  63 -20  46 -61 -42  62  92 -66 -30 -33   7 -40   9 -36  59 -34 -96  54  15  40 -31 -88 -41 -60  49  19  19   6  20  17 -32 -18  94 -84  20 -47  77  11 -15 
-54  75  91   6 -14 -46 -36  49 -45 -81 -35  95 -15 -26 -45  25 -75  71 -57  30 -10  57  95  71  52 -90 -10 -95  85 -99 -11 -68  75 -21  35 -40  31 -99 -90  85 -83 -28  81   2  46 -65 -74  68 -94 -32  -1  -5 -76  -7 -34  73   3  55  77 -11  53 -35  20  30  44 -45  89 -24 -45  97 -40 -29 -30 -57  72 -85 -25  97  82 -22 -36 -20  73 -15  73 -62 -40 -23  90 -62  63  45   1 -18 -24 -54  36 -36  19  90 
-38  78 -39  30 -80 -68  44  -7 -71  26  70  -8 -93  42  77  79  77 -64 -45  69 -27 -83  15  73  -1  88 -82 -66 -47  34 -76  13  14 -16 -56  31  13  85 -75  41  12  93 -67  19  34 -91  -3  13 -56  50 -17  14  66  95 -11 -36  84   4  -4 -64 -60  19  46  51 -98  89 -17  14  76   6 -43 -11  -2 -11 -93 -67  -5   4  45  38 -47 -73 -47 -82 -77  39 -18 -94 -55  75 -60 -18  -5  85 -66  -4  74  14 -89  51 
-79 -35 -61  16  51 -56  49 -53  47  -7  82  97  20 -65 -84  40  73  -5  44 -83 -29  83  -2  65  67  29 -40  42 -55 -29  -8 -37  33  29  79 -14  72  27  30  18 -79  14  16  38  48  29 -22  22 -74 -77  37  -4 -95 -66 -39  69  63  20  11 -93  88 -96 -31  23  30 -53 -92   3  73  37 -80  92 -48  35  31 -99 -36 -90  21 -11 -70 -43  82 -68 -10 -56 -97 -46  62  13 -40  49  14  27 -29 -54  73 -22  46  46 
-83  66  39 -34   0 -31 -35  63 -23  83 -47   6 -59 -65  38  30 -24  40  82 -61 -48 -59  86  65  67 -42 -88  40  34  58 -13  48  25 -75 -85 -74  -7 -21  87  67 -37 -61 -25   1 -27 -88 -67  49  49 -84  85 -98 -44  72  64 -77 -70  76  62  63  35 -52  12 -41 -28  24 -18  62 -97 -30  31 -37   7 -95  64  79 -84  94  29  62 -89  14  61 -36 -13  26 -14  14   3 -53 -24 -63  -6  85  -7  63  11  75  25  11 
-56 -43  73  50 -39  36  29 -26  31 -41 -65  39  70  95 -95 -41  22 -12  70 -75  33 -52 -39 -74 -66  52  87  42  26  13 -46  69  69 -73  19 -71  62 -53   2  -7   5  34 -67 -23  30 -65  33 -47  21   2 -25 -47  49  36 -22  81 -11 -34  24 -86  78  76  80  46 -96   0  74  63  46 -25 -43 -49 -90 -12  25  39  20 -43  90 -58  58 -34  -6   7 -99  72 -11 -13 -63 -88   0 -85  85 -18  60  86  79  36  51  25 

