100 x 100

<1>
 82  81 -28  94  -7  79 -14 -97 -76  38 -48  91 -62  22  -2  55 -90 -95  95  65  82  62  77  20  45  72 -97  70  10  48 -92  -9  30 -21 -14 -77 -40  72 -75 -19   9 -23 -29  45  98  68   1 -93  72  -3  71  55 -40  47 -25 -96  18 -25  71 -73 -75  79  17  52 -43 -97  74  14  74 -99  94 -16 -23 -34 -72 -26 -65  28 -20 -93 -76 -50  59 -19  96 -67 -15  16   8 -43  40  32 -65 -41 -17  -8 -39 -41 -95 -66 
-43 -99  15  33 -36  43 -94  -3 -30 -15   3  -6  34 -37  72  29  -6 -42 -56 -97  13  84  32  45 -56 -84 -62   2 -26 -57  35  28 -59 -49 -38   4  91 -33 -98 -37  49   2  56 -18  63  27 -87 -42  83 -46 -42  -3 -61  89 -57 -20 -96 -21  79 -24  19  13 -95  59  64 -33 -38  56  31 -38 -80 -20  63  73  61  25   2  71  80 -14 -75 -61  80 -37 -73 -78  41 -69   0  19   6 -82 -66  10  76  97  74 -62  52   5 
 -1  70  84 -39  42  44  84 -57  17  65  26  41 -94   5 -97 -68  27  41 -38 -74 -38  65 -56  -5 -25 -81  -9 -50 -46 -58  54  52 -89  37 -87  51 -17  96  93  97  62  19  37  65 -75  39  97  49 -20 -42  75  41 -75 -82 -65  -3 -66  23  46 -12  64   0 -61  73 -64 -51  25  18 -54  17  16 -92 -63 -46  72 -40  91  68 -90 -28 -72  82 -88 -50  97 -56  46 -67  66  -9  18  29  88  54   3 -74 -95 -73  41 -50 
 44 -43 -45  80   8 -71 -59   0  96 -51  69 -77 -68  80 -30 -69 -77 -85 -39  88   4  76  19  -7  31 -79  16  35 -52 -41  83  89  15 -61  70 -76 -33 -89  22 -37 -41  -8 -17 -12 -28  51  16  -6  65  74 -18 -32  51 -98  59 -16 -80 -24 -82 -35  34 -98 -45 -52 -59 -75 -28   7 -65  93  67  -9 -16 -48  76  53 -98  -6 -51  64 -33  30 -66 -80  29  92   1  46 -33  16 -87 -99  18 -33 -52  58  -9  17 -36  23 
  9 -67 -87  93 -18  89  45 -17 -18  91 -52  46  20 -21  63 -52 -30 -35  94  37  81 -92  37  -2 -28  82 -43  61   1  20 -17 -89  50  -6 -97 -69 -16  48  11  63  38  59   8 -40 -63 -27   7   7  35   2 -55  17   7  79 -86  77  62 -30  37 -38  88 -79 -27  37  14 -27  68  95 -80 -20  57  58 -62 -33 -81 -25  39  25  81 -25 -73 -75  90  33 -97 -97   9  64 -27 -53 -72 -40 -34  -2  96  77  68  65  72  88 
-53  28  45 -18  94  61  56  32 -13  36 -93  11  58  94 -56  60  96  52  26 -32  97  51  27 -36 -52  25 -58 -85 -11 -87 -98  33  41  46 -83  34   8  72 -32  93   8 -28   5 -33 -33  46 -71 -38  -2  52  30  -4   2 -44  59  47  80  98  61 -29 -87  63 -95  51  10 -81 -14 -82  89  53 -88  -2 -76  14  62 -12 -40  90  50  57  41 -21 -46 -56  34 -88  90  14 -89  53  84 -79  15  86  71 -74 -95 -41 -57  93 
-89 -48  -8 -65  64 -45  20 -75 -55 -29  81  85  47 -64 -71 -17 -53 -82  94 -45  70  77 -26 -14  64 -56  10  68   2  50  60  11 -98 -49  43  65   4 -36  89  48  33  69  32 -19 -94  60  61 -50  78  56   2  47  34  75 -67  -2 -79  40 -35  20  -9 -73 -68  -8 -23  74 -44  80 -62 -54  27  70 -84 -39 -48 -81 -80 -87 -34  95  68  68  42   4  44  74 -97  62  13 -33 -16 -95  -9  15  -5  68 -11  50  47  24 
 94 -26  -5 -91  32  44 -74  51  56  -9  46  26 -40 -11 -71 -96 -38 -69  65  72  -5 -50  76  84  63 -30  53 -49 -80  -1  74 -85  72 -32 -79   5 -87 -54 -44  69  37 -99  -6  94 -13  22  95  48  50  62  19 -54 -89  -4 -69  73  64  81 -77  83 -20  96  95 -49 -35 -85  54 -24 -39 -89 -54  95 -91  37  88  -5 -40  85 -58 -89  48  60 -46  56 -45 -17  29 -80 -37  51 -98  40  47  94  91 -89 -89  46 -14 -31 
 54  29 -37  62 -33 -48 -44  26 -62  -3  34  83 -42  86  41  12 -30 -29  30  30 -79  29 -28  67  25 -36  78  33 -91 -37 -99  60  92 -37  21 -40  14  76  84  50 -26  17  32  29   4 -28 -58  73  40  69   5  61   0  74  29 -76 -63   6  54 -55  69  54 -94  62 -82  26 -79  29   3 -96 -22  74  21 -88   4 -74 -17  43  97 -75  14   1  83 -87 -24  11 -66  12 -81  87  54  85  40  59  46  55 -16  66 -15  84 
 68  63  57 -10  72 -38  13 -46 -94  11 -24  17 -87 -40  27 -12  69  60  97  87  46  52  71 -13  10  18 -57  91 -17  26  76 -48 -12  34  39 -41  93 -46  12  97  64  88  13  75 -53 -58 -38 -83 -99 -39 -97  45 -86  73 -69  22  -8 -26  14  73  97 -10 -74 -14 -77  63  44 -82 -82 -45 -86  79 -58  26  55 -13  65 -81   3  64 -23   4  10 -12 -22  40 -89  68 -87  25  42 -89 -86  65  -6 -64  29 -63 -47  44 
-10 -36  23  31  88 -21 -81  54  -5  20  17  69 -75 -72 -41   0  66 -31 -31  78  91 -90  87 -94  73 -20 -60   1  15 -10 -53 -94  54  67  36  43 -55  53  -4  40 -26 -85   8  -2 -58  66  95 -93 -65 -34  85 -75 -27  71 -69 -53 -48 -30  48  66  59  92  69  12  60   5 -44 -94 -41  52  43  30  66 -47 -71 -93 -80 -75 -86 -48 -12  96 -23  61  68   7 -93 -81  74  54  83  32  47  53 -56   6 -41  -1  12  15 
-50 -46 -54 -85   6 -28 -80  24  -5 -69  75  82 -72 -47  42  93  57  49 -89  30   2  93 -38 -51  46   5  54 -96 -97 -35  19 -49  19  64 -37 -76 -64 -18  45  30  12  22  11  37  72 -45  29  31 -97  40 -40   4  32  21  52 -23 -75   6 -19 -72  70  97 -24 -12  60  38  10  95 -78 -44  26  31  75 -63 -32  49  -9  94 -21  -9  35  38  92 -33 -41  46  43 -17 -49 -77   8 -80 -79  83   6  81  23 -83  77  42 
-28   3 -28 -51  37  37  95 -71  33 -25  17 -31 -86  10  33 -28 -45 -22  53   5   0 -38  25  21 -55 -68   1  67 -54 -23   8  15  77  77  61  15  16  57  41 -50 -67 -41  16 -55  67 -49  16 -77  28 -32  28 -73  30 -48  45  74 -19 -53  40  26  22 -53 -58   0 -75 -95 -83  40  61  55  89  92 -84   5 -62  82  55  51 -96 -18 -79  31   8  50  80 -47  23 -38  -3 -38  85 -80   8 -71  18  32 -69  34 -28  89 
-12 -40  82   3  64 -79 -16  20  72 -12 -99  90 -82   7  39  98  59 -37 -41 -45  24 -54 -25 -69 -28  92  60   2  25 -67  -8 -86  -7 -26  15 -44  -8  96  74 -37 -15  74 -46   1 -18  92   0 -60 -44  56  -5  77 -97  67 -93 -26  60  67  73 -16 -99 -35  -5  -9  38 -89  47 -71 -93  20  -8 -11  -5  45  89  77  39 -12 -84  92 -54  10  69 -54 -22  75  18 -63  43  -8  18  42  54 -85 -68  -9 -77  76  20 -71 
 -3 -87  18  90  57   8  66  -5  94  81 -11 -59  -9 -41 -16  68 -67 -97 -95  74  -7  22  15 -52  36  44  39  57  22 -40  85 -82 -30   2 -91 -72 -88  74  23 -95  55 -89 -55 -53 -31  26 -84  -1  29 -82 -26 -77  40  88 -32 -25  34 -92 -67 -45 -35 -80 -30  34  21 -21  60  30 -48 -18  34 -92  -8  76 -46  58   4 -32 -42 -68 -15  30 -48 -76  17  19  -1 -50  27  31   4  89  50  74  23 -29 -48 -16  98   1 
 65  32   7 -42   9  58 -83 -88 -75 -28 -59   8 -97  -8  31  20 -87 -69  69  37  62 -27  27  11 -54 -49  79  -3  32  79  95  -2  12   3  53 -80 -39  67 -70 -15 -59 -30  92 -59  62  25  60  72  55  29  10  16 -97 -64 -73 -52 -15 -93  42 -82  85  36  14  -2 -59 -32  16  -1 -65  45  83 -27 -84  77  13  75   3 -27  48 -43 -97 -41  71 -97  -5  97 -50  79 -95  89  94  88  26   9 -15  64  75 -98 -36 -89 
 46 -53 -17  60 -75  95  36  25 -33 -14  79 -31  42  51 -29 -62  49  18 -84  52   6 -88  39 -66  20 -75  95  -6 -73 -41   4  70   5  84  31  29  79 -33 -47 -53  52 -67  14  -7  84  84  31  32   2  44 -17 -91  55 -77 -58 -25 -54 -63  68 -30  -7 -28 -59  97 -45  70  25 -65 -64  77 -20  87 -91  93 -21  90  78 -89  24 -19  55 -94 -10   9 -73  29  83 -28  63  51  41 -43 -76  81 -47 -22  50  77  11  85 
 53  90  71  62  84 -48  53  61 -40 -24 -58 -84 -20  29  23   6 -41   7  77 -78 -43  19 -22 -22  -1  31  54 -49   7 -34 -65 -40 -45 -92 -79 -62 -43  71  98  16 -51 -59  30  26  69 -46 -67 -72  58 -89 -53 -83  27  24  -6 -73 -46 -51 -25  59  12   8 -80  66  15 -60 -95  69 -88 -97 -14 -42 -57 -85  81 -88 -32 -85 -63 -74 -77 -17 -60  47 -94  31  74 -42  80 -52 -82  -9  55 -65 -41 -31 -28 -39 -61 -19 
-37  23  39   4  37  19  13 -95  34  49 -70  54 -69 -31   3 -64 -99 -24  -7  78  21   8 -31 -22  42  27  44 -85  85  81  -6 -52   5 -68  49 -57  50 -37 -55 -15 -89 -26 -61 -59  40  41 -26  39 -84  65  16  36 -26  84 -87 -84  10  57 -72  -5  39  21  42 -57  52  -8 -15   4  52  30  86  62 -97 -74 -98  41  64 -25 -21  79 -61  92  17  13  78  27  26 -13 -15  51  81 -77 -26  22 -35 -75 -87  48  28  64 
-23  14  25 -23  37  26 -81   3 -99  -5 -19 -61 -11  95  49 -34  24 -26  52 -90 -73  33 -69  -2 -46  -5  22 -33 -56 -50 -70  18  63  55  95   1 -20 -87 -97 -20   8 -16  17  96 -20 -35 -39 -95  37 -88 -87  63  44 -57 -38  98  35  81 -36  77 -68  -7  -4  94 -51  -8  -5  27   5  -3 -92 -88  80  22 -93 -40  85 -33 -36  23 -22 -24 -15 -78  18  44 -81 -47  26 -18 -69  58  72  26  51 -79 -82 -55  47  22 
 42  52  31  21 -26  37  80 -40 -97 -54  80 -20  19 -34  -1 -63 -91  17 -11  34  96  19  -9  70 -54 -58  90 -37 -14  38  82 -73 -11  12  48  62 -50  27 -77 -48  70 -98  30  -9 -35 -70  25 -27  45 -85 -91  42  31  -1  11  74  38   2 -63 -74 -61 -80 -48  28  30  97 -11  79  26  10 -69  -5  11  58  83  76  85   9 -50  31  21 -44 -27 -47  53  83 -71  -8 -13 -35  17  23 -18  67 -50 -87  65  39  90 -10 
-52 -78  85  58  77  69  33  63 -22  83  -4  98 -60  68 -47  92  52 -19 -14 -62  45 -98  59 -74  68 -92 -61  33  46 -70 -76  91 -51 -92  51 -73  75 -15  89 -46 -33 -16 -47   5 -49   5  -2 -95  83  81 -60  27  81  96  53  48 -94  91 -18  49 -80   4  42 -32   9  -6  -8 -15  76 -18  36 -55  64  89  49 -84  -7 -54 -82 -22 -73 -42 -96 -91 -47  56  56 -42  46 -62 -91  63  39  50 -68 -51 -57  21  32 -80 
-97 -31 -38  66 -43 -90  81  50 -44 -99 -73 -20 -44 -70 -12   8  86 -57  64  31 -22  72  -4 -82  23  25 -35  65 -52  96  82 -50 -36 -54 -83  21 -45  95 -30   8  93  -6  87 -52  23 -26  54   8  15  19 -59  92  -8  34 -90 -86 -40 -26  76   5 -31  59  54  30 -96  68 -50 -43  63  19  64  57 -86  51 -95  35 -74  58 -56  40 -24 -18  32  65 -83  41  76 -25 -86  53  79 -18  11  33 -89  15   0 -39  69 -36 
 77  34 -79  89 -16 -75  25  10  80  66 -51 -45 -50  80 -79 -36  22  94  36  35  48  15 -84 -42 -51 -73  70  48 -13  40 -86 -35 -26 -68 -45  57 -44  77 -32 -65  45  15 -11  92  -4   7 -43 -80   2  91  52 -51   7  68   6  55  94 -22   2 -20 -83  13  42 -10  44  95 -53  97  73  12 -69  17 -72  17  10  24 -75  65  41  24  57  -6  70 -35 -39 -24 -81 -46  51  18  31  67 -67 -25 -43  74 -31   3  73 -57 
-84 -95  60 -56  22 -31  65  44 -65   7 -32  91  98 -63 -45 -41  12 -29  12 -36  89 -57 -67 -79  17 -11  94  83  89  68 -73 -94  71  84 -51  -8 -45 -87 -65 -13  19   2 -22  17  39  32  75 -50 -97 -14  14  91  28  44 -87 -56 -68 -92 -72 -78  74 -47 -73  44 -64 -26 -63 -12 -14 -29  75 -95  71 -46  19   9  83  -7  58  85  76 -29  75   4 -84  85  47 -53  91  73 -32  66 -75  -7   9 -42  64  45  46 -51 
-85  20 -49  85  71  69  -5  53 -37 -47  40 -59  23  14  44  37   1 -10  83  -9 -38 -49 -42 -14  41  64  44   6  10 -11  54  24 -92 -93   9  78  73 -97  32 -64 -45 -29 -26  76  85 -81  14 -15   6  -4  75  66  46 -68 -49 -12  95  92  91   4 -18  45 -71 -11  51  37 -34  25  40  98  58  92 -32 -67  69 -48 -51 -18  36  55  78  12  22  23  41  70 -89  37  64 -97 -58 -53  47 -31  34  -3 -95  97 -78  42 
 96  79  36 -36 -86   4  15 -38  84 -47 -84  63  62  35 -15   5   7  -5 -59 -28  -4 -19  16 -58  47 -51  39  51 -52  58  -5 -55  38 -70   6  49  33 -77 -89  16 -27 -74 -20 -64  61  65  38 -33 -41  77  38  54 -41 -47  94 -93   2  34  55  49  -7 -49  91 -70 -22  -1  77 -89  21  87  26  91 -86 -94 -72  72  70  64 -62 -72  42  73  80 -98 -72  75 -94  27   8  60 -23 -98 -89 -33 -71 -14  65 -93  -4 -15 
 91 -76 -23 -93 -71   3  76  96 -32 -84 -77 -89  86 -96 -90 -85  76 -85  41 -15  72 -83 -16  80 -16  13 -32 -50  17  61  33  10  82 -91  14 -90  11 -11 -93  78   4 -72  86  -8 -71  95   4 -93 -91 -55  -9  81 -39  75  60  44 -11 -73  92 -95  88  26  14  71  34 -73  81 -55  16  85 -78 -81 -86 -90   8 -57 -94 -86 -51 -85 -42  39  93  18  15  54 -38 -97  79 -45 -92  68  78  19  40  11  44  20  55 -39 
  7  77 -21  18  86  87  60  89 -98 -92 -97 -43  45  93  72 -41  49 -65 -38  27 -11 -33  -4 -34  83 -63  77  28  55  33  88 -37   9 -33  80  -6 -45  40 -17 -46  47 -15   8  -7 -20 -19  52 -72  14 -87  54 -96 -21 -49 -32 -39 -15 -54  89 -59  76  76   1 -13 -58 -17  78  -6 -76 -38  45  68  47 -46 -37 -72  33 -86 -47 -52 -74 -92 -51   2 -44  16  60  38  61  48  79  39  24 -21 -75  65  61 -96 -39  82 
-34 -93  52 -88 -41 -86 -63  91 -73 -11 -60 -50  -6 -12  49  49 -94  10 -12  64 -40 -34   4  83  43  26  47   5  30 -91 -13  93 -86 -60 -94 -28 -49 -58 -36 -25  30   3  24 -77  88 -28  71  93  81 -42  59 -60  22 -38 -78 -34  86  67  68  17  75 -44   9  86  -7  14 -41  43  53  20 -81 -18 -78  40   4 -88 -87 -26 -96  92  29  60 -69 -48 -76 -49  15 -91 -81 -17  25  91  36 -67  79 -69  46 -63  71   0 
 57  88  79  78  27 -16  87  38  57  91  31 -15  52  59  37  73 -89 -49  81 -71  33   5 -78 -31  37  98  -3 -18 -64 -31  79  92 -44  59  70  83 -58  58  20  98  48 -48 -17   2 -88 -79 -26 -79 -31 -45 -51 -98  59 -32 -30  -2 -33  66  77   3 -66  58  -6 -12  18 -37 -30  60 -79  89  57  68 -60 -59 -31 -51 -41  43 -31  26  97  16  27  55  83  94 -48 -48  59 -69  52  90  88 -53 -21   7  10  46 -34  30 
 36 -75  -3  75 -37  66 -74  22   8  -6 -53   4 -89  73 -40  92  66  12 -57  26  40  94  15  29 -60  92 -65  49  39   1 -22 -23  23  73 -49  85  40 -26   6 -53  66  52  50  76  24 -91  67 -11  18 -89 -86 -41 -94  29  85 -56  22 -78  92 -40  20 -30  36 -56 -56  85 -72  81 -40  32 -71 -73 -17  76 -97 -93  84  69  -5   2  78   9  60  81 -63  47 -74  58  66 -82 -81 -13 -13  53  28  28  37  53  10  96 
-14  36 -77  67  13 -75  73  -4  91 -33  97  68  75  57  51 -87   5  76  68 -30  93  85  56 -21  37 -17 -94 -25 -63  13 -30  21 -50 -10 -13  60  14 -39 -42   5  25 -46 -26   2 -88 -74  12  14 -98 -20  83  92 -34  38 -27 -98 -78 -24 -26 -43  89  41  75 -62 -67 -37  98  44  21 -45 -50 -53   8  22  46  18  45 -40 -67  46  39 -84  38 -96  53 -88 -97  73 -13 -26 -71 -25 -84 -95  13 -52 -33  12  90  87 
 64 -61 -65 -29  60  81  88   5 -60 -79 -50  76 -66  87  77  86  98  79  58 -15 -46  86  57 -33  90 -29  13 -42  80   4 -56  45  42 -23 -84   2 -41 -97 -92  -4 -77 -43 -27 -44 -54 -49 -58 -57 -71  97  25 -20  85 -16  44  74  54 -42 -68  34  59 -25 -20   3  51  -7 -96 -91  -4 -89   4  16 -35  76  70  10 -74 -89  51 -48 -91 -23  31  91  58 -23  67  14  32  98 -51  -7 -26  26  93 -75 -81  96 -67  14 
-94  35 -69 -30  10  98  78  36 -90  30  85 -81 -94  16 -91  64  90  75 -23  23  74  23 -83 -52 -52 -89 -30 -34 -94   0  79 -89 -64 -90 -19  46 -91 -40 -19 -83  87 -35 -67  92  80 -59  55  71 -82 -69  -4  89  53  10 -64 -99  19   5 -34  24 -95 -55  35 -60 -48 -85  83 -42 -26 -37 -26 -40  28   6 -49   7  45 -94 -20  62 -64  73  50  87 -16  86  87 -96 -10 -48  28  -6  -6 -38  32  45 -24  14 -95  47 
 77 -24 -92   4  80 -44 -88  26 -39 -11 -11  -3 -37 -62 -15  47 -75 -29  48  15  22 -25 -92 -82  36  39  60 -89 -45  64  57 -69 -60  62  32 -79 -80  41  46 -20 -68 -66  76  -8 -29 -40 -60  -6  30  86 -92 -48 -38 -85 -31  96  52 -70 -92 -94  92  65 -66 -67  28  63 -49  47   5  94 -73  34 -73 -96 -72  -5 -38 -35  88  91 -48  93 -56  12 -92  10   9  59  38  16  62  31 -18  93  61 -90  57 -89  54 -37 
-94  80  95 -68  82 -76  24 -55 -14  14 -65  38   8 -21 -49  15  86  59 -27  25 -26 -66 -45  56 -72 -85  63  84 -75  18 -53 -70   0 -57 -41 -17 -36  83  27  49  -4  59 -14 -97 -61  34  16 -75  -8  88  47  66 -76 -96  21 -49 -82 -15 -65 -59 -96 -19 -32   3  23  27  83  86   9   9  34 -96 -30 -78 -94   6  55  21  30 -51   9 -21 -86  30 -20  34  78  -5 -80 -86  35 -77  -6 -95  24 -84  29   6 -99 -61 
-83  35 -58 -16  54 -55  89  10  64  19  56 -26  95  69 -95 -24   4  82  68  23  94   5  44 -13   9 -33   3 -61  72   1 -25  88 -65  14 -27  88  58 -38   0  23  80 -43  94  76 -74  96 -49  29  78 -80 -48  73  24  95 -39 -68 -39  61 -32 -66 -38  42 -76  -4 -45  -6 -14 -87  55  85  33  34 -59  29  11 -36  26  59  93   5  79 -56 -23   2 -62  38  32  -2  -2 -99  31  59  41  52 -43  95 -52  42 -91 -98 
 26  40  36  64 -30 -54 -70  93 -95 -78   0  83 -35  74 -16   0  13 -83  97 -89 -84  27  67  56 -19 -75  50  26  64  57  25 -11  -2 -40 -47  65   4 -18  59   8   1 -42 -10  63 -66  73 -36  44  88 -40  54 -97  86  21  58 -34  43   7  89   9 -35  14  95  60  73 -51  26 -22  28 -15  85 -72  42 -24  90  73 -51 -47  19 -62  12 -28 -60  -2  92  95  61  37   1  50 -55  64 -35 -61  25 -61 -14 -49  17 -87 
 35   1 -59 -24  77 -70 -49 -75 -17  69 -40  92 -60  -3 -11 -66  -9 -50  68  91 -99 -86  56 -35 -48 -17   3  35  31 -81  48 -33  20  88  42  -4 -83  90  18  -3  60  77 -11  98 -25  77 -67  65 -72 -98  57 -74 -87  15 -10 -38  95  93  97  27 -89  44  91  28  31  32 -75  47  24  42 -54 -17  18  34 -18  92  10  14  56  36  13  15  61  23 -71 -47  85 -77 -55  81  47 -45  26  37  83 -42 -30 -93 -94  93 
 47 -51 -22 -34  80  57 -42  -8 -27 -85 -71  83  27  89   6  53 -59  -8  75 -15 -28  21  38  97 -41  22 -46  29  26 -43  21 -26   6  96  38 -13  55  93  76 -73 -91 -94 -91  34  93  14 -12 -65 -95 -37  20 -24  83 -41 -28 -56  78  25  70   3  80  -8  75 -15 -12  14  69 -56   8  47 -32  14  50 -24 -51  44  90  37  77  94 -99  -2 -28  81  54  41 -74  31 -32  93 -65 -53 -13 -89  31  72  22   1 -83 -71 
-53 -16  43  97  57  89  42  48  27  18  42  25 -83 -87   8  68  53  31  -2 -80  26  33 -34 -88  41  96  83 -37  -3  97  -9  43 -20 -67  39 -62 -76 -19  84  48  98  27 -25 -85  39  80  82  -9  12 -20  11 -63 -88  76 -52  52  72 -70 -84 -32 -72   5 -90   5  37  49  43  60 -69  26   8 -70 -46  80 -56  90  61 -74 -18 -28   5  92   7  16  68  52 -33  39  82 -19 -92 -91  83 -85  14  21  63 -44 -19  91 
 79  88 -77 -68  67 -36 -77  27 -13   2  96  89  -6   4   4 -39 -42  71 -99 -61 -49 -94 -53 -65 -80  58  53  81 -87 -65  73  91 -78  95 -78  88 -41 -58  16  45  44  14  34 -63 -83 -61  -3 -26 -89  -5  10 -41   0  55  -7  17  12 -52  -1  25 -20 -26  15   2 -32  35 -11  24  76 -95 -31  21  16 -96  55  32 -58 -49 -94 -49  45  15   9 -56 -29 -98  61  83 -53 -41   7  26  30 -79 -73  98  55  14  21  33 
 18  89 -47 -65  92 -90  66 -64 -40  71 -14 -95 -14  92 -52  54  93 -92  38 -61 -35 -56  63  94 -35  89  91 -81   2  14  51 -79   4 -96 -47  -2 -87 -79  31 -30  89 -84 -28 -26 -91  20 -70 -98  25  67 -60  87 -89 -96  83 -25  91  73  -7  -6 -12 -56  13  90 -53  65 -11 -43  83 -81  24  74 -66  96 -53 -58  15 -24 -59 -59 -55 -21 -70 -47 -18 -88  27 -28  84 -81  64 -28 -40 -22 -37   6 -58  49  62 -73 
 67 -14  98 -98 -17 -54 -59  97  22 -20 -63  64  58 -34 -82 -61 -25  42  11 -39  58 -26  32 -80  49  92  25  90  42 -13 -82  10  72 -85   9 -46 -39  47 -48  80 -72 -12  45  85  52  60 -74 -74   3  34 -16 -38 -91 -85 -19  57 -92 -94  46  49 -10  64 -42 -39  76  64  14 -62  13  63 -81  38 -50  61  23 -99  22  46 -73 -74 -21  10 -14 -13  25  64 -57  30  69  88 -19 -42  51  36  18  29   2 -69  64 -86 
 93  83  49 -55  43 -27 -57 -33 -82 -31 -10  -4  77  75  80   1  41 -76 -68   9 -88  12  67  60 -52 -14 -10  49  17 -44  60   9 -62  10  51  80  81  94 -54  98 -36  36  -4 -60  12 -23  40 -48  -1  72  61   8 -17  29 -31  30 -86  59 -22  28 -86 -61 -63 -51  47  87 -72  29  82 -26  26 -54 -91 -79 -15  18  -4 -73  70  94  98  32   3 -20 -40  69 -88 -29  29 -11  97  40  26 -65  86 -26 -79 -86 -98 -97 
-13  27 -54  -7  46  30 -88 -57  54  81 -64  51  12  36 -67  69   6 -56 -60 -65  30 -62  74 -43 -30  60  28 -12  73  27 -10 -41 -46  35  51 -99 -35  62 -57 -80  43 -22  71 -46 -85 -97 -75  18 -56 -38  52  73  -3  26 -70  66 -13  57 -45 -39 -16  43  17  37 -21 -31  37  43 -70  79  61  70 -44  31 -74 -32  33 -52  85  76   9  39  48 -93 -34  77  70  50  34 -76 -88 -81  64  26  55 -55  92  -9  85 -77 
-29  45  91  24 -23 -84  91 -91 -37  75  82  69  15  30  73  78   6  42  29 -59  65  38 -43  31 -35 -89  73 -42   1  57 -21  69   2 -31  -6  76 -16 -16  85  46 -39  66  14  73  -5 -12  53 -97 -69 -17 -59  93 -79  -2  23 -15   8  -5  41 -91 -48 -81  77  53 -13 -27  30  70  56  14  15 -84 -20 -70  89  74  15  43  76  43 -75 -81  37 -55  14 -40  28 -79  54 -32 -71 -93 -14 -92  59  70 -22 -11  41 -67 
-96 -43 -51 -17 -16 -61 -41  98  79 -66  42 -97 -48 -22 -54  65  37  73  86  -9 -60 -84  -3  25 -79 -44  -4  -2  44 -64  31  45 -10  77 -70  73 -85 -14  70  91  19  11  93  71  88 -60  35  25 -88  20 -83 -49  34  11  75  54  66 -30 -48   9   5  80 -44  94  56 -17  66  70  68  37  62 -12 -51  54 -42 -63  94  93  61 -93  12  75 -42 -53 -13 -68 -99 -47   2 -48  59 -94 -69 -84  98  86  -4  65  55 -35 
  2  18  51  50 -27 -90  84 -34 -98  46 -29  14  22  28  58 -91  57  58 -39 -42 -91 -79 -38 -63 -65 -39 -76  30 -73  76  93  28  -5  45 -22  66  54 -37 -69  54 -91   1 -33  28 -72 -74  36  85  82  96 -58  88 -83   3 -73 -49  63 -52  78  88 -74  72  15  18  16  92 -17 -30 -45  14 -75 -37 -84  -9  88 -56  14  26 -72  -3  21 -31 -15  37  70  11  85  34  56  65  21  81  36 -62  -1 -46 -71  81  23 -19 
 -4  45  41  10 -63  31  51  48 -42  76 -55  78 -56  29  15 -85 -61   1  47  94 -35 -31  75 -97   4 -25 -46  33 -45  76 -85  49  22  56 -40  56 -14 -90   5  43  85  49  20 -72 -23 -64 -57  15  37  87  11 -97 -43 -13 -97  61  59 -44  -7 -85 -69   5  63  52 -40 -78   7  45 -69 -86 -11 -85  60 -91 -57 -61 -56 -17  51  78 -29 -37  79  25  47  81 -15   5 -61  77  20 -33 -18 -18 -79  41   4  27 -12  32 
 38  74  45  -2  82  85  34 -74 -31 -14 -95  37  49  83 -39  -5  64  46 -98 -98  22  19 -32 -95  98 -12  46   3 -85 -65 -65  50 -92  79 -51  90  63  82 -83 -69 -32 -81  67 -84 -98 -73  10  65  72   9  66  -4 -71 -65   0 -73  21 -53  29  35 -21  61 -16 -13  39  31 -24   3  12 -10  33  79   6  -1  94   7  24   6 -27  -3 -86 -60  90 -59 -25  -8 -33  93  36  93  29 -85  56 -88  -1  -4  42  74  97 -44 
-37  29 -64  68 -72 -70 -23  51  33  49 -51  46  87 -59  86 -39  30 -46 -45 -35 -53  81 -21 -96  92  77  -3  36  50  -7  89 -86 -76 -76  82 -51 -47 -40 -99  85 -92 -53  33  94 -15  18 -44 -84  70   8 -19 -82 -10  57 -81 -16  36  15 -81 -13 -90 -93   1 -69 -70 -18 -21 -17  41 -23 -33  48  23  97  42 -90  17  95 -77 -12   5   1   3  94 -40  21 -23  93 -65  -7 -19 -58  -1  79 -28  27 -40  48 -91 -98 
-74 -25  48  49 -26 -11  56  90 -15  78 -23  89 -19  77  85  38  -1 -39  32  33  54 -88  75 -48  91 -54  78 -48  92  86 -48 -81 -37  97  65  34 -13  22  23  71   0 -99  60  80  77  44  19 -25 -94 -50 -93  57 -39  81 -89 -49 -73  88   3 -80  74  52 -64 -62  50 -97  71 -64  22  -5 -94 -77  -7  65 -98 -31  10  18  41  16  67  47 -28 -72  28 -18 -22  54 -30  78  71 -55  31 -92 -18 -20 -92 -48  15  28 
 44  21  50 -64 -15  50   2  95 -33 -56  10 -66  90  81 -39  17 -37  38 -28  32  18 -58  76 -52 -52 -43  28 -47   6 -58  80 -49  60  30 -16 -53 -21  85 -57  45 -72  50  78 -83  32 -62  34  92  76 -95  25  -5 -53   2  42  -8  56 -31  44 -37  11  24  11 -30 -45  94  16  33  78  56 -23 -95   7 -45 -78 -61  -8  55 -70 -31  59  55  61 -95 -44   3  -6 -86  71 -60 -24 -19  61  87  49 -83  80 -34  47  58 
-78 -75  62  26 -21  81  62  71  37  92 -61  -4  48 -98  -2 -95   2  92 -82 -28 -69  -8  53  91 -22   3 -93 -43  66  53 -84  87  75  76  15 -44  58 -22 -74  -5 -29 -36  88 -82 -37 -15 -77  64 -22 -62 -62   6  29  88  -4 -94 -10   2 -37 -43 -46 -24 -56 -69 -47  56 -16 -89 -67   9   5   4  70  -8  19 -65  76  41  98 -46  77 -63  59   5 -76 -45  11  13  54  71  70 -90 -52 -87 -62  -1  68  19   9 -98 
-73 -87   3  96   2 -76 -70 -21  62 -70  32  40 -36  -9 -55 -12  43  55  98  -2  25  69   5  72  79  40 -28  48 -40  78  50 -16  88 -48 -18  -9 -25   9  68 -63  38   1  76 -98  89 -80 -13  33  72 -14 -69  -2 -45  35 -28 -65 -23  41  81  34  19  30 -80   6  81  -1  97 -44 -91  66  -8  45 -34 -33  44 -43 -13 -68  87 -40  15 -81  58  67  54 -71 -98 -70  67  82  61 -15  13  80  91  -7 -22  89  48 -13 
 54 -59 -69 -79   6  74 -25  92 -95 -36 -49  17 -20 -90 -14 -65 -64 -13 -38 -97 -32 -75 -13  78 -96 -21 -28 -18 -33 -80  66 -80 -42  94 -61  63  69  13  56  71  74 -93 -11 -44 -86  74 -12 -50 -40  48 -50  27  70  36   6  73 -85  76 -46 -19  95 -81  -1 -46 -86  37 -81  82 -51  72  54 -77  78 -57 -24  92 -82  61 -59 -24  10 -10 -98 -19 -75   8 -46 -61 -17   7  18 -21  24 -82  30  37  54  46  19 -98 
 20 -28 -76  -3  14  -1 -12  30 -38  26 -95  69 -83 -94 -48 -58  13   3 -22  93 -91  95 -27  32 -86 -97 -31  65  48  87  65 -33 -42  88  62  70 -13 -49   1  48  77   5  16  91  10  67 -68 -77 -29  10 -85 -20   6 -14 -89  18 -12 -21 -18 -63 -35 -52   2  23 -62 -35  -6  24  13  92 -29 -11  -4  86 -20 -95  53  11 -75 -77 -78 -60   0  26  25  11 -55 -86  89  26 -52 -44  72  47  76 -89 -87 -29  32  24 
-38 -98 -88  57  85  -9  61  37 -96  86  60 -77 -75 -39  48  49  69  90  62  58  16 -91 -87 -11  56  88  -3  66 -42 -70 -11  19 -71   1 -25 -85  91 -63  52  94 -78  11 -83 -56  69  64  92  40  56  53  -3 -27  62   9  59  17  -2 -43 -18  53 -14  71 -27  12 -27  45  24 -37  79 -23 -43 -97  85 -27 -54  56 -62 -62  -5  91  90  91 -37  51   1 -77 -31  96 -21  51  50  62  21 -78 -25  93  66 -99 -43  46 
-25  13  46 -38  85  90 -83 -77 -71  11 -85 -82   3 -24  69 -95  -2 -63  98  77  85  49  38   7  68 -87  -1  35 -87  54 -20 -15 -32 -74  44 -47 -83  60 -27 -57 -28 -15 -42  72  60 -72  74 -40 -37  73 -64 -51  21  71  54 -10  83 -46 -76  93 -91   2 -20 -25  27 -77  25  41  83  97  83 -46 -17 -58 -74 -57 -32 -99   2  28  74  35  74  -4   7  29  84 -10  81 -91 -16  87  10  61 -39 -64  84  85  76  66 
 83  60 -81 -34 -98 -56   8 -33 -55 -91  94 -82  41  67  11 -51  -4  -4  38 -22   5 -78 -36 -86  82  25 -50  67  11 -73  32  -6  85  51  59  84  92 -34 -50 -64 -28 -57 -47 -86 -89  64 -38   6 -41  98  81  61 -79 -53  75 -98  71 -76  67 -19 -52   0  74 -68 -50  32 -83 -58  95 -34 -23 -32   6  28 -19  17  -9  41 -78  49  38 -95  12  58 -51 -14  57 -79   9  25  -1  54 -73 -27  86 -26 -96 -96  15 -99 
-32  90 -32  73  19  47 -11 -89 -11  11  57 -72  15 -32  83  63  53  41  81 -39 -34 -21 -83 -10  51 -96  63  55 -95 -22  55 -28 -31 -78 -55  85  68  33  95 -44 -55  51 -19  57 -79 -37  19  73 -96  -1 -66 -31  78 -50  58  30 -47  20 -16 -43  97 -62  27 -33 -40  71 -47 -73   3 -53 -19  46  98  59   2 -82 -76 -77  88 -73  21 -77  -5  -2 -28 -46 -72  22  73  11  79  70  49   5 -64 -92 -25 -11 -68  77 
 33  10  22  30 -29 -74  47  -6 -54  35  18  66  57 -86 -34 -69 -35  -7  50 -63 -97  30 -94  49 -66 -58  54   8  28  86 -15 -38  -5 -92  90  65 -69  36 -42 -24 -28  75 -58 -69  86   5 -41 -50  97 -90 -15  97  38 -10  48  71  31   3 -21 -40 -12  63  20  83  68  11  47  97 -52 -95 -26  20  77  15  48  63 -79 -92 -86 -83 -85  -4 -86  50  86  61  23  16 -37 -99  74  49  61  -5  31  30 -95 -21  28 -50 
-19 -98  69 -40  16  16 -76  35  21 -65  51  36  31  64 -15  16  24 -91 -67  85 -93 -94  35  67  -2 -33  -1   2  43 -74  52 -74 -73  20 -17  41 -62   6 -23  58  40 -73  -7 -30  89  78  85  12  84 -82  -2  89 -77 -68  57  21  -2 -45 -76 -59 -21  73 -34   5  -5  48 -55  30 -47  19 -13  90  46  78 -38  34  55 -52 -55  38 -35  43  28 -12  72 -13 -92 -30  41 -69  10 -79 -96  73  24  -2  20  66 -73  70 
-13  13  61 -68  -8 -76  63 -54 -30 -91  84  32  49  13 -81  23 -99 -74  92  40 -43   1  58 -42 -25 -19  55  92 -51  79  63  33  -7  25  64  83  47  28 -70 -82  34 -87  49 -15  26  68 -91  24  91  98 -37 -53   0 -79   4  74   1 -42  67  47 -62  31 -19  31 -45 -56  13 -97  69  40 -82   5  53  67  89 -22  34  95 -99  26  94 -36  73  -5 -16 -24 -32  82  34 -66  29  71  64 -91   1 -82 -47 -85 -79 -79 
 53 -62  25   5 -96  13  82  35   7  82 -39   2 -55 -65  94  28   8 -37  10 -57  -4 -60 -84 -41 -52  16 -23  -2  29  -5  19 -17  32 -57  87  34  54  68 -30 -40  49  30  62  94  62  55  21 -28 -82 -68  14  13 -31  27  70  17 -55 -54 -86  73  40  30 -43 -29  73 -57 -96  26 -88 -26  85  58 -97  46  53  63   3 -24 -66  18   5  45 -68  74 -26 -99 -10  18 -54   3 -10  83 -65  44 -44 -93  86 -41  30  95 
 30  16  54  31 -38   7  -5  62  82  26 -19 -12 -28  10 -39  45  11  50 -38  54 -45  51  39 -13  -4  92  -7 -19 -50 -76 -25  78  37 -69  10  98  35 -96  61  18  29 -57 -95 -98  51 -34  45 -37 -85 -92 -82 -31  59  54  53 -46  45 -53  35  95 -32 -89  74 -95 -61 -17 -96  73 -14  63 -10 -84 -95  -7 -85  55  56  59 -83  70  67 -65 -61  25  86  91  78  33 -62  12  27   3  23   2   7  59  84   9  32 -31 
-27 -79 -16 -25  13  -2 -70 -30 -41 -54 -60 -75 -22 -24  49 -34 -34  28  96   3 -60  24 -94  60 -75  12  20 -92 -78 -49 -24  -8 -28  57  65  84 -46  94 -46  10 -59  -9  34  19  66 -16  82 -67 -88  79  36 -51   4  41 -90  26 -48  29  33 -28  80 -90  61 -47  64  27 -64 -81  22 -11  29  63  77 -38 -19  44  46 -36  77  55 -56  12 -95  45 -48 -86 -28   1  40 -96  72  19 -87  35  69  74 -37 -95  92  83 
 -9  20  45 -30  82 -73 -85  27 -10  89 -17  31   2 -15 -25  51  -4  46 -46 -65  49 -73  54  59  59  22  32 -76  26  25 -92 -81 -55  52 -12 -72  76   0  54 -35  -9 -64  95  92  18 -29  43 -85 -84  96 -53  62 -78  98  20  81  22 -47 -94 -53  77 -89 -35 -79  60  50 -52  35 -48 -99 -99  42 -66  95  33  51 -35 -23  63 -20 -28 -88 -59  -6 -89  60 -24  30 -86 -21  77  88 -13 -59 -89 -54  91 -42  80 -56 
-43  80  83 -10  74  15 -57 -60  90 -95  17 -37 -86  57  54 -77  18 -69  52  31   7  30  20  93  71  28 -62  61  84 -81 -96 -58  98  86  29  71   0  71 -88  -9  74  28  52  87 -16   7 -89 -97  36  61  31 -56 -10 -49 -63 -40  78 -26 -78  63  -9 -75 -96 -12 -90  33 -39  10   3 -30 -98 -22  96  53 -35 -19 -40 -27 -16  95 -65 -86 -62  25 -36 -28  84 -56  44 -92 -92 -64 -70 -90  21 -60  42  81  49 -54 
-47  48  22 -52   3  86  28  62 -40 -89  56  -5 -75  93 -81 -12 -33 -96  31 -90 -91  37 -55 -61  44  65 -22 -13  46 -72  30  96  75 -47 -55 -23 -60  70 -62  -2  81  91  90 -93  86 -90  -8 -48 -89 -77 -39 -80  57   3 -42   2 -33  35  88 -86  60  19 -91  34  70 -47 -89 -91 -75 -52   6 -95 -59  -5 -91 -74   4   0 -25  15  22  35  32 -20 -63  89  79   3  23  66  15 -18 -15  23 -83 -44  76 -73 -36  98 
-27  68 -96  11 -36 -88  36  66   9 -88 -20 -67  44 -87  10  80 -99 -11 -18  23 -44  96 -94  40  21 -80  93  -4 -55 -41  -5  17 -74  -4 -71 -13   5  62 -46 -85  73  31 -55  16  43  53  -5  43 -57  76 -35  -4  74 -32 -62  -6 -12 -68  89  32 -12 -17 -50  13  78 -24  98 -18 -61 -47  -4 -89  82  39  24  24  -7 -80 -31  33  93  31 -70  68 -99 -35 -39 -12  -5 -49 -81  82  33 -34  -5  10  41  -8  91  77 
 42 -13  87  25 -73  10 -49  19  29  17 -49  23 -51 -20  -9 -51  43  51  34 -61 -96  52 -80  34 -81  12 -56  59 -95 -64  35  47  22  21 -27  48 -68  23 -34  60 -61  16 -17 -12  94  73  34  38  23 -30  74  24 -77  93 -40 -58   5   3  98   9  36  33 -45 -42 -45  28 -95 -13 -50 -29 -54 -11  84  28  74  79   0   9  16 -75  78  -9  48 -99 -16 -91 -60  88   9 -63  -2 -55  69  53   2 -74 -20   6  10  27 
 74  55 -85  60 -15  88  38  84  -3 -44 -90 -24  46  58 -26 -69  64  13 -80 -27  50  16  17  20 -32 -82  43  45  23 -46 -27  -3 -89 -14 -42  -7 -27  95 -22  69 -48 -14 -55  96 -57  18 -74 -92 -67 -56 -22  82  59  94   1 -74 -87 -54  70  34  -3 -58 -68   7  25 -13 -99  98 -17 -23  68  33  60 -86  28 -96  32  53 -91  64  96 -13  45  54 -20 -55  79  -9 -10  48 -74  87  88 -45  -7  14  41  -8  13 -77 
 68 -19  53  27  -6 -18  30 -75 -63  36  86 -66 -78  30  88   2  75  66  92 -34  16 -83 -48   5 -31  43 -82 -89 -64  31 -69 -95 -87  84  29   4 -33 -40  27   3  93  14  35 -83 -54  22  18 -78 -11   9 -15 -96  23  35   6  91 -21  24 -99  14 -44 -69  16 -34 -84 -54  67 -19   3  -7  83  -3 -91  17  13 -48 -62 -70 -29  27  36  55  28 -42 -11 -64 -52  67  59 -52 -20 -86 -23  95 -23 -10 -58 -57  70  42 
 36  53 -59  44 -29  51  93   9  81 -35 -65  16 -81  62  74   6  95 -77 -26  55 -31  54  66  45  48 -56 -64  88 -13 -92  31 -76  58  69  65 -72  22  59  34   2 -77  68 -81 -61  30  92  44  26 -85 -80 -19 -17  71 -52 -71  20  -8 -38   7  76 -33 -60 -99 -74 -90  65 -46  31  23  87 -66  43  55 -49  81 -14 -58  27 -89 -44  44  -9  38  14  39  64 -67 -70 -72  40 -93  -6  79 -95  20  86  69  71  19  -9 
 59  50 -65  15  98 -85  98 -58  39 -89  -3 -16  -1 -65  97 -63  98 -68 -34 -73  69 -30  19  49 -26 -62  36 -58 -92 -46  32  66 -96  64 -19 -97  77 -22 -56  17 -14  39 -97  85  73  97 -77  72 -72 -13  97  96  56  15  44 -68  50 -20 -27  57  31 -95  22  34  68 -96  35  46 -20  76 -37  65  16 -35  51 -12 -39  72 -40 -13 -40 -44 -18 -83  70 -74 -54  21   5  19 -21 -63  23 -98  69 -10 -96   3 -64 -17 
-20  -2 -51  94  60  98 -19 -80  71  40   6 -70  95  86 -54  66 -87  -8 -14  15 -90  62  49  32  62  17 -79  65 -79 -44 -53  -1  53  -7  -6  12  -8  72  32 -38  14 -63  -9  10 -76  37 -24 -66 -72  59  46 -65  23  -3  64 -14 -85  84 -50 -66 -60  -4  32  90  88 -75   4 -20  96 -63  41  11 -29 -66 -79  -7  68  -6  26  93 -46 -28 -71  76  66  92 -39  78  75  10 -87 -84 -95  44 -92  91  68   9 -28  64 
 45 -88 -26 -85 -57  -6   7 -88  85 -67 -96 -59   4 -70 -84 -29 -77 -23 -50  96  84 -37 -87  89 -94 -82  79  72  26 -48  37 -30 -39 -90 -15   4   4  91  13 -12 -75  17  28  26  46  44  96  67 -80 -54  62 -97   6  74  91  11  90  71 -18  17 -78 -82  85 -17 -72 -31  84  31 -41  -2 -82 -16 -86  46 -91  58 -11 -95  24   6 -50 -13   8  55 -40  -1 -35 -49 -31  47  66  -9  64  52  71  89 -78  56  19 -20 
-47  37  61 -33 -16  68 -76  70  72  47 -23 -77 -65  84  75  -6 -16 -61  43  53  83  10 -57  47 -39 -87  37 -20  66 -42  59 -80  94  20 -16 -23 -11   7 -52 -38 -47  24 -18 -15   7 -44  79  91  -8  21  43 -23 -68  83 -75 -10  95  59  69  62 -82  29  79 -89 -52 -35 -13  34  69  34  93 -78 -43 -26   6  64  29 -16  54 -77 -94  -4  -1 -65 -20  21  24 -24 -19  -6 -63  -3 -77 -83   7 -30 -21  94 -96 -50 
 27  96 -29  82 -28  76  47 -98 -38   0 -78 -35  95  18   0 -24 -62 -75  49  17  17  85 -85  39 -97  21 -92 -18  14 -89  29 -59 -91  97 -76 -22  72  68 -21 -65 -31  -1  -2 -37 -82  97  36 -46 -79 -16  70  37 -30  84 -23 -30   4 -17  49 -82  -7 -23 -42  -1 -25 -21  76 -51 -52 -45 -19  14  53  78  76  68  74  11 -77  95  94  92  31 -35  75 -92  32 -19 -10 -17  -4  80  59  51 -19 -66 -69 -44 -18 -22 
 10  62  89 -36  40  64 -68  15 -24 -48   9 -29 -56 -60  33 -80 -53 -34  -2  34  46  93  15   5  45  93  38  75 -49 -79 -48  60  80 -60 -76  19 -95 -47 -66 -20   4  42  50  47  79 -16  67 -73  48 -36  58  -5 -41 -25 -99 -97 -33  38  76  17  56 -73 -23  38 -33   0 -44 -29  50 -11  49 -45 -69   0 -98 -89  82  66 -64  29 -69  93 -77 -13 -33 -76 -10  34  59 -33 -48  17  -9  28 -46  57 -73   7 -72  76 
 96  76 -69 -72 -25 -68 -64 -44  97 -29  84 -71 -34 -91  16  32 -70 -95 -33  88 -31  17   4  59 -56  55  18 -31 -36  43 -54 -41  20 -24 -14  94   5  21 -48   3  90 -63  30 -43 -57 -55  86 -28 -51 -47 -40  17  67  61 -25 -88  18  90 -20  79  34  24 -63 -45  97  22 -51   4 -58   0 -92 -67  34  37 -13  77  81 -27 -52 -71  25   7  43  -9 -32 -80   2  83 -91  80  63  43   5 -99  95   3  20 -55 -92  59 
 44 -86  90 -22  48 -24 -44  31  48   1  57 -28 -92   2  62 -25  19 -36 -41  27 -55 -79 -29  47 -81 -32 -51  36  12 -45  -6 -44 -32 -15  33 -83  59  86  45   8 -14   4  78  -7 -95  41  65  23 -96 -75 -51 -52 -57  20  92 -41  85 -57  94  -4  -3 -10  49  62  72 -19  76  32 -32  21 -60  54 -76 -83 -54 -72  55 -87  48  59 -65  96 -94 -24  15  98  34  -1 -60  28  95  34 -83  43  -5  88 -74 -28  20  -9 
 92  57 -54 -85  73 -10 -58  29   0  87 -13  34  85  -7 -89  -1 -10  43  98  29 -28  92 -38 -12  36  56 -25  59 -71  94 -48 -79  50  -5 -65  24  84 -25 -47 -15 -37  39 -81 -53 -69 -73  44  20  67  43 -52 -60  34   9  25 -31 -34 -98 -70  -7  93 -19  13  45  73  45 -32  59 -81  18 -57 -18 -43 -41  26 -13 -14 -29 -91 -46 -87 -46  -8  44  63 -82 -85 -72 -83 -56  20 -90  22 -68  52  -4  75 -79 -46  93 
 37  -5 -26  93  53  98 -19 -62 -32 -13 -10 -19  41  81 -74   3  96 -62  30 -85 -19 -50 -76 -98 -21  73  -4 -47  93  47 -52  29 -57  19  23  94  18 -94 -69  86 -10  20 -34 -68   2  -9  34  -2  27 -36  10 -93  11  31 -91  89   5   2 -56  -3 -50 -11 -72  -9 -91  50 -16  25  53  14  12 -55 -64  75 -24  35 -35 -90 -68  91 -27  41  98  83 -27 -94  71  77   7 -86 -24  54   2   3 -56   9 -48  27 -65 -93 
-59  44 -51 -26  20  22 -92  84  31 -60  75 -97  80  74  83 -47  79  54 -69 -13  67   4 -60 -31 -94 -16  77 -42 -90 -89 -38 -52  52   8  19 -29 -69  27 -46  60  66 -70  62  45 -95  45  97  83   0 -72 -31 -32  31   7  36  35  88  12  92  95  22 -47 -55 -25  60  63  45  90 -11 -99  51 -46 -70  13  97 -67 -41  95 -85  58 -78 -18 -75  51  88  61 -13  75 -26 -20  71  94  30 -85 -32 -11  76 -85 -22 -34 
-87 -69  18 -60  41  16 -30  97  10 -15  54  32  66  78 -16  53  38  70  29 -88 -51  -1 -95  78  14 -28 -32 -11 -16  45  52  -6  73 -29  34  13  86 -95  11  -2 -13 -36 -71 -48 -56  12 -96  79 -19  32  88  29 -69  92   6  42 -34  71 -68  47  15  83 -57 -12 -44  76 -98 -59  78  11  38 -35  74  64  16 -83 -23  20  94  57 -49  83 -15 -19  75  90 -78 -58  62 -47  88 -23 -62 -68  64  -9 -93  65  31  83 
-23 -31 -51 -49 -66  62 -33   9 -19 -40 -35  32 -55  50 -88 -79  39 -66 -40   1 -16 -53  77  19 -23  42 -89 -19   8  40 -35  83 -90  11 -67 -59 -27  -3  49  53  57 -84 -16 -99  63  -4 -79   3  27 -22 -95 -88  24  81  31  98  24  39 -19 -68 -20  43 -86 -13 -46 -54  28  26  42 -24 -22  -2 -11  62  -2 -47 -43  16  56  81  93  60  90  17  41  20  14 -34 -39  94  -5  38  37   8 -73  88  51  52  13  -7 
-71  90  90  18  51 -10  70 -91 -95  25  87  96 -15  79  14 -73   0 -73 -10  60 -79  83   0  57 -10  24  44 -57 -23 -42  35   5 -51  26 -78  98 -85  90 -94 -80  14  93 -83  98  73  28 -76 -28  54  12 -66  74  -4  31  30  85 -44 -25 -71  30  30  61 -64  77 -13 -44  76   1 -53  81  18  60  73  32  58  47 -39  81 -79 -85  -8 -48  86  87  80  16  72 -63  88 -98  64  20  61  97  -2 -51 -46 -25  47  -2 
-45 -35 -42 -70  96 -83  74 -43  95  92 -29 -11 -57 -44 -25 -76  71 -52 -42  61 -52 -77 -20 -90 -78  77 -44 -25 -49 -96  71   3 -34 -70  30 -36 -56   6  20 -62  -3  88  26  40 -55 -97  63 -84 -52 -77  74  -5 -55 -45   4 -36 -69  57  39 -21  59   9  81 -74  38  13 -11  81 -82 -92 -80  14  95  44 -45 -60  44 -82 -45  91 -60 -70 -12 -18 -18  89  46  12  48 -16  88   8  92  68  33  29 -20 -78   9  -3 
-71  26 -89 -76 -31 -37 -39 -86 -20  15 -95  17  42  -8 -99 -77 -20  44  34 -71 -71  21  34 -80 -10 -33  46  70 -12 -44 -32  14  79 -24  35 -50  39  95 -37 -82   9 -33  35 -48  56  35 -26 -64 -20 -93 -38   6  27  96  23 -83 -36 -30  86  49  23 -47 -38   3  29  97  52 -33  91 -83 -16   2 -19 -80  51 -63  52 -75 -28 -69 -71  33  36  54  28 -42  70  89  27  57  39 -49 -89 -99  52  37  97   5 -95  87 
 19 -13 -12  98   4 -59 -64 -42 -37   5 -12  -9 -63 -76 -54  65 -19 -85  55 -92  71  -6 -44  80  -6 -91  16 -10  14  19 -22 -68 -93  64 -69  10 -94 -36  67 -34  68 -45  56 -93 -22 -98  69  58 -84  23  63  87 -82 -79  66   9 -71 -17  98  40 -97 -24  72 -91 -61 -96  17 -56 -32 -17   9 -65  37 -36 -61 -84 -35 -91  72 -21  30  36 -33  47  56 -68 -44  83  14 -47  24  15  26  -5  21  64  -1 -61 -93  64 
 20  13  98 -42  77 -63 -28 -59 -57 -57  19  72  78  83  19  34 -84  74  18  28 -72 -59 -58  52  36  62  17 -66 -99  24  95  20 -64  92  77 -86 -70 -52 -47 -27 -10  71 -54 -32  54  64 -97  67  37  18  -4  63  56  35  16  -9  -1 -66  24  -1  55  18 -80  91  12  94 -96  41 -58 -44 -85  31 -73 -41  98  80 -78  98  46  59  15 -56  23 -27  78 -60  61 -24 -29 -15  74 -72 -96  91 -82  15  85 -79 -44 -72 
-25 -30  56   1  26  54 -20  48  53 -73   8 -30 -32 -70  40 -54 -31   2  21  39  86  -5  64  90 -15  81   4 -29 -98  59  -4 -24 -71 -46  76  54 -91 -43   1  59 -19 -92 -72  49 -63  67  94   5 -31  14 -56 -44 -90 -91 -55  -5  88  47  63  89   7 -39 -34  35  12 -59 -11  18  -5  89 -22  75  97   4  23 -67 -30  18  38  38 -66  79  92 -59  87 -64  33  74  82  -2  64  -9  56 -71 -75 -33 -33  11  84  61 
  0 -39  36  -4  64 -40  28 -64  76 -35  71 -89 -55  64 -51 -68 -98  82 -93  81 -19  69 -27 -64  97  -4   2 -34 -92 -15 -74   5  43  61 -98   7 -77  28  42  98  92  12 -92 -61 -24 -46 -30 -23 -63 -26 -41  15 -56  30  50 -57 -75 -49   6 -70  35  31  35 -20  -6  34  86  14 -37  27  11 -43 -62  18  -7  13  69  62  87 -92 -63 -54  22 -19  75 -28  21  97  20 -74 -72 -45  56  62  32 -51  -4  17  60  58 
-55 -28 -86 -20  87   6  93  58 -31  81  65   4 -72 -14  82 -98  55   2  98 -25  27 -72  29 -18  87 -38  31 -18  78 -10 -58 -78  62 -45   1  48  61  -5   7 -71 -24 -29  30   3  55  13   3   9 -84   2  83  40  27  11 -76  14  72  54  95  49 -55 -64  68 -94  -9 -29  54 -49  63 -40 -23 -62  31 -91  39 -15  21 -57  93  35  42  76 -24 -29 -14  -1  82 -42 -48  78 -92  -5 -84  76  -2   4 -54 -47  54 -92 
 11 -68 -54 -59 -62  84  25  59 -74  17  -7  67  -8  66 -61  78 -33 -78 -63  16  98 -58 -90 -87 -83   8  16 -38  58 -31 -32 -30  -2  11  10  36  -4 -66  -6  19  51  86 -13 -58  53  24 -79 -81  43 -45  33  42  -3  42  54  13 -49 -31  73 -89  37 -58 -22 -63  52  88  70 -53 -79 -35  65  71 -48 -47 -87 -96  74 -67 -79  19 -12  53 -38  82  -4 -84  -4  47 -18 -30  55 -79  11 -66 -45 -38 -79 -74   8 -58 
-12 -26 -88  39  25 -76  40   0 -45  60 -82  40  12 -20  23 -90  -7 -80  54  74 -12   8  92  98  41 -54 -38  60 -29  67 -99  58 -59 -90  -4  65 -68 -64 -36 -14  93 -18 -75   7  59  47  14 -49  64 -33 -76 -47  74 -82 -49  14 -37  10 -25  32 -22 -25 -11  18 -15  85 -18  16 -80  44 -99 -86 -73 -75  18  83  69 -69 -65  32  -3 -42  85 -28 -25 -65  86  36  44 -38 -31 -79  35  57  37 -81  41 -80  32  58 

